36.7 38.8 107.1 41.6 97.0 96.8 36.9 105.1 
97.3 36.7 107.5 40.6 102.5 97.4 37.9 101.1 
108.0 101.2 108.5 40.6 36.8 40.0 42.6 103.3 
100.7 108.1 39.0 39.4 40.8 41.1 99.6 41.0 
108.9 102.8 38.6 101.2 38.3 36.0 37.9 39.4 
40.7 103.8 36.1 101.7 36.5 38.3 103.0 39.4 
36.5 105.4 42.2 41.4 39.4 37.5 37.2 97.9 
100.4 100.7 41.6 103.2 36.7 37.8 38.5 102.3 
41.5 105.9 41.9 39.0 97.2 39.8 103.0 108.2 
38.5 109.2 40.9 97.1 106.3 36.6 40.4 37.2 
42.2 41.6 98.8 -94.9 104.9 39.6 36.6 106.3 
39.0 40.3 36.3 42.3 108.1 99.4 98.1 41.6 
36.7 36.8 40.9 99.3 36.3 39.0 39.8 40.6 
38.3 102.2 38.1 40.5 38.3 -190.7 106.7 99.1 
99.0 40.2 40.7 105.0 106.4 104.5 99.7 38.7 
41.9 98.0 37.0 37.1 108.5 39.8 105.8 39.1 
38.4 104.3 102.2 107.7 36.5 38.8 101.1 38.4 
101.0 38.2 36.4 40.4 39.9 36.1 37.6 103.2 
97.7 102.3 41.3 37.1 38.2 39.2 102.1 37.1 
39.2 40.7 105.2 38.4 38.2 39.5 39.3 104.3 
41.2 107.0 102.9 106.6 37.2 36.0 36.6 40.6 
36.1 42.5 37.6 40.8 39.3 98.0 40.5 42.0 
98.2 41.8 97.8 98.4 100.0 105.4 109.1 98.5 
37.3 42.2 36.4 36.9 101.7 42.3 39.8 37.3 
103.9 103.5 106.3 40.7 38.6 36.0 36.0 41.3 
42.4 99.8 102.8 98.4 40.9 42.6 108.9 36.2 
97.1 98.1 104.0 100.6 99.0 39.8 41.8 103.5 
42.9 102.1 101.3 98.4 108.8 36.3 38.8 36.0 
108.1 39.4 39.3 39.7 109.4 97.5 36.4 99.5 
108.3 41.4 40.3 37.6 39.0 102.2 36.2 41.9 
38.9 107.5 39.7 107.5 38.1 41.6 40.8 97.4 
42.9 98.4 99.3 37.8 107.9 38.7 42.4 108.0 
39.7 102.3 38.7 100.0 36.9 37.1 105.9 108.9 
96.9 41.2 101.6 42.7 103.9 100.2 38.1 40.9 
40.3 40.3 39.3 104.8 41.6 36.5 38.9 104.3 
42.4 105.1 42.4 101.2 40.9 38.8 105.3 39.0 
42.4 41.3 38.8 108.5 40.7 40.6 102.9 42.5 
109.2 36.3 41.8 42.6 41.9 41.1 36.3 96.9 
104.8 97.6 40.3 105.7 41.1 103.4 39.5 106.1 
107.7 39.9 36.1 37.4 41.8 97.0 104.6 38.1 
42.0 107.2 106.2 36.4 99.0 41.7 37.2 106.8 
101.5 43.0 38.1 104.1 40.5 36.1 108.1 102.1 
40.3 41.3 107.7 100.0 42.4 39.7 36.9 41.6 
42.2 39.7 42.5 36.5 41.8 102.8 97.2 41.1 
99.3 39.3 40.1 36.6 38.8 107.8 40.6 108.1 
36.1 97.1 108.1 -161.3 97.6 108.6 42.4 40.7 
39.7 105.7 36.8 42.8 103.0 97.8 72.1 36.7 
103.8 39.0 99.8 38.2 40.7 38.4 36.2 103.3 
42.1 105.3 37.2 98.5 37.6 105.0 97.6 107.4 
107.7 108.5 42.4 107.1 36.7 39.5 42.2 108.7 
100.1 101.8 36.9 107.8 40.1 43.0 36.9 37.5 
36.8 39.3 36.1 41.8 107.2 42.5 42.7 37.1 
42.0 40.4 38.6 41.9 36.5 105.7 42.6 41.3 
36.9 39.5 103.7 37.8 40.9 39.2 39.8 102.7 
43.0 43.0 38.2 39.5 38.6 107.3 96.8 38.8 
98.4 102.2 103.3 40.4 36.6 97.1 40.1 37.1 
37.6 109.2 102.2 104.5 101.4 103.0 37.8 40.0 
100.2 98.5 102.9 99.4 38.7 39.3 108.7 109.0 
98.0 40.6 41.9 40.8 107.7 40.8 36.4 39.4 
38.2 36.7 39.9 40.0 108.3 102.2 36.9 38.2 
109.4 97.9 103.4 40.6 101.0 38.0 42.2 41.0 
103.7 106.4 154.0 99.1 107.6 100.0 39.2 42.9 
36.0 104.3 99.6 40.5 41.6 109.2 98.8 41.7 
102.5 38.7 41.8 36.6 42.9 37.1 37.5 38.5 
38.8 100.0 40.3 42.5 40.6 37.1 103.6 98.9 
39.3 102.8 101.2 100.7 42.5 37.3 107.0 108.8 
40.5 40.2 108.6 41.3 101.1 105.6 40.8 103.6 
107.3 39.9 103.8 39.5 42.4 39.0 37.6 39.8 
105.1 36.1 105.6 108.1 40.5 42.1 100.8 105.4 
108.9 38.3 39.5 42.1 107.0 99.9 36.5 39.3 
36.7 97.4 36.9 101.1 40.4 36.7 37.4 96.8 
36.3 38.0 36.8 100.3 100.2 103.2 97.4 101.5 
38.0 107.9 36.1 105.9 37.7 98.3 103.8 39.8 
38.4 39.4 39.6 103.6 108.6 103.7 42.4 103.4 
104.0 37.3 40.4 41.6 36.0 109.3 37.3 42.3 
40.7 37.9 37.7 100.4 97.2 36.4 106.9 36.0 
41.3 38.5 107.6 43.0 41.1 99.5 37.2 97.6 
39.6 39.7 40.8 38.1 39.6 42.3 103.5 107.1 
41.9 38.0 40.9 100.6 36.9 109.2 41.2 36.9 
107.7 42.6 39.7 38.6 97.7 109.2 106.6 37.7 
38.9 36.5 43.0 102.9 27.9 39.6 39.5 36.8 
99.8 36.3 42.3 107.8 42.0 103.9 104.7 98.9 
38.8 97.5 97.3 97.9 108.5 42.1 39.1 105.6 
104.3 109.3 42.8 106.3 97.3 36.6 40.5 41.5 
42.4 38.5 37.6 103.7 36.1 104.2 109.0 99.8 
97.0 102.5 42.4 102.5 106.8 99.5 39.0 40.8 
36.9 100.2 40.4 39.0 105.4 105.6 103.8 104.0 
38.2 102.1 106.4 96.8 105.6 105.8 38.0 40.7 
100.5 104.4 40.3 96.8 102.1 41.1 98.9 36.0 
101.2 105.5 38.7 104.1 36.6 42.3 39.8 106.3 
100.6 37.1 99.9 39.5 40.5 98.5 39.1 39.0 
103.6 36.0 37.4 97.8 38.0 40.4 41.3 102.4 
37.8 36.0 42.8 103.0 38.3 36.7 42.1 41.2 
37.4 38.3 42.4 36.7 104.2 42.1 42.9 42.0 
107.4 103.5 39.7 40.6 97.6 36.0 107.9 39.6 
41.2 38.3 38.2 99.6 37.1 102.8 100.5 39.7 
40.5 100.1 38.5 96.9 38.9 38.8 40.9 37.9 
38.8 105.3 103.0 38.4 36.2 109.4 36.5 42.2 
39.6 40.1 41.9 39.2 40.4 101.0 100.7 36.9 
36.6 97.5 105.9 101.0 42.0 105.4 109.2 39.2 
39.9 39.8 106.5 99.3 107.9 102.6 100.8 36.5 
41.0 36.6 108.7 99.4 37.7 100.1 108.2 98.1 
104.5 109.3 36.0 43.0 103.7 39.6 106.5 40.5 
38.7 100.3 41.9 42.7 99.7 107.5 42.3 40.2 
40.3 37.1 40.2 97.4 40.9 38.2 97.1 38.6 
103.7 41.0 109.3 103.8 39.5 99.6 104.4 41.6 
100.2 106.7 102.9 101.2 106.2 37.3 98.2 36.6 
41.3 97.8 41.3 102.4 40.0 37.4 100.6 101.7 
39.3 37.0 108.7 42.4 39.8 -75.6 100.7 107.2 
39.0 40.4 103.2 104.4 108.5 43.0 39.3 98.4 
36.7 105.8 99.4 96.9 41.8 98.4 99.3 38.4 
42.3 41.1 107.8 42.4 107.7 37.9 107.0 109.4 
99.5 107.6 103.8 40.6 108.2 98.4 102.5 38.5 
42.3 42.1 103.0 37.6 103.7 97.8 37.7 42.1 
41.5 38.5 101.7 36.7 98.8 41.2 109.3 108.3 
107.0 38.4 37.9 40.4 41.2 37.1 37.8 42.5 
108.4 98.0 36.0 101.6 109.0 108.0 42.5 40.6 
36.9 42.5 36.4 36.6 40.5 104.0 42.1 107.0 
41.7 40.6 41.6 97.6 38.8 42.4 106.6 103.0 
41.9 107.3 107.4 97.6 97.0 104.5 39.3 98.5 
99.1 41.4 42.0 41.8 109.2 99.8 37.5 98.6 
36.1 41.2 108.2 100.6 101.5 40.9 103.7 37.5 
81.8 108.6 41.6 42.5 41.2 42.0 40.4 41.3 
105.1 43.0 36.0 36.0 100.5 41.3 39.8 97.7 
108.5 97.1 103.1 100.1 36.2 43.0 98.6 102.7 
105.5 102.4 97.0 105.6 103.1 40.1 100.7 98.6 
41.2 39.9 104.5 36.0 41.1 37.9 105.0 39.1 
36.7 103.4 104.7 108.3 39.8 40.7 38.3 108.4 
105.0 105.7 98.2 101.8 39.8 42.9 101.0 109.3 
39.4 37.4 41.4 41.6 37.3 41.5 42.3 102.9 
42.7 99.0 43.0 106.3 102.3 143.0 39.0 36.4 
36.9 37.7 41.9 101.9 107.9 41.9 42.4 42.9 
37.4 41.7 42.7 98.5 42.3 40.6 39.6 97.2 
36.5 37.4 36.9 42.2 103.6 40.6 108.1 40.3 
40.7 41.3 38.0 36.9 36.8 42.1 104.2 36.1 
105.9 101.4 107.3 42.5 99.0 38.7 38.0 36.8 
36.0 39.4 103.9 40.7 42.9 102.3 37.7 36.9 
40.2 40.2 42.9 108.9 39.5 42.7 37.4 42.4 
42.6 104.5 41.0 97.6 40.8 103.5 107.3 105.2 
36.8 109.4 98.0 105.8 36.2 102.0 41.2 41.9 
98.6 38.4 107.4 37.9 36.6 105.5 36.5 101.1 
108.1 100.0 40.5 36.2 38.6 38.6 39.4 103.6 
100.1 101.9 36.3 99.5 38.3 36.8 38.1 37.0 
36.5 100.8 36.2 40.7 40.9 39.4 39.9 42.2 
42.9 38.4 105.1 39.6 39.3 38.4 38.7 37.8 
104.2 105.2 40.2 107.4 38.7 41.8 36.0 106.9 
102.9 97.5 41.1 97.7 98.2 38.5 36.2 99.4 
99.6 105.3 103.9 40.9 42.9 39.4 108.2 107.7 
36.9 36.1 41.6 37.3 41.5 36.1 41.3 38.5 
38.8 98.5 37.4 40.9 40.6 42.6 41.0 36.6 
101.1 40.2 37.1 37.0 36.9 38.0 41.0 37.6 
38.2 98.6 101.3 38.3 109.1 40.9 103.2 37.1 
40.6 38.7 105.2 100.7 42.4 98.1 39.6 98.5 
38.5 39.3 42.6 41.2 100.9 99.2 108.5 37.7 
42.2 100.7 103.3 106.8 40.1 102.8 106.6 106.2 
39.9 40.4 42.6 100.5 106.2 38.5 37.2 39.5 
39.6 103.1 39.8 97.0 100.9 39.9 40.5 40.4 
107.0 107.6 42.3 42.8 38.2 42.9 97.1 106.6 
38.9 41.9 36.8 147.4 39.8 106.1 42.2 98.9 
41.6 107.9 42.8 37.1 41.2 42.3 108.7 41.1 
99.5 101.3 40.4 107.4 109.2 37.7 39.2 38.6 
38.2 109.0 36.0 41.6 37.3 104.7 105.3 38.5 
38.3 40.5 38.3 109.4 108.0 42.2 108.2 108.8 
36.6 98.5 39.5 38.5 103.4 43.0 36.1 100.4 
108.6 103.0 97.3 43.0 108.7 99.9 36.9 40.8 
98.3 39.5 39.3 106.1 39.6 39.0 106.2 40.0 
41.9 108.7 42.6 41.0 98.1 36.1 42.0 36.2 
42.2 41.5 96.9 38.8 37.5 97.7 98.5 100.4 
39.9 104.4 99.5 96.9 99.3 106.2 99.9 39.1 
41.9 172.6 108.5 41.6 40.1 107.9 101.1 36.7 
183.8 106.2 36.1 107.7 37.8 42.1 38.7 36.5 
42.8 37.9 39.5 101.8 106.8 98.9 104.5 36.7 
42.5 37.6 36.5 38.4 107.3 40.8 102.8 42.7 
107.3 38.2 37.5 109.3 40.5 37.1 99.0 41.4 
38.1 36.8 99.2 98.1 100.3 97.3 38.6 39.9 
99.7 99.5 96.9 43.0 41.0 38.6 39.6 40.4 
37.3 38.2 41.5 100.5 40.4 41.1 36.2 40.1 
38.1 101.5 106.0 41.5 39.6 39.6 105.2 41.5 
39.5 37.8 99.1 42.9 123.6 36.7 42.5 37.6 
99.8 42.5 41.5 103.2 97.2 104.2 37.6 38.9 
37.3 37.7 42.0 38.3 36.9 41.5 42.1 37.8 
106.2 42.7 38.6 106.9 42.1 100.3 105.9 98.2 
103.4 101.6 97.7 -140.5 102.0 109.4 42.2 99.9 
40.9 38.0 41.3 39.1 -91.6 105.9 39.1 98.9 
39.2 101.3 38.7 37.5 38.9 108.9 42.3 102.2 
101.0 40.5 37.3 103.7 99.1 38.1 102.4 104.3 
36.3 99.3 103.9 41.6 38.3 40.2 106.9 103.5 
104.1 97.2 39.8 41.1 108.5 36.6 105.5 105.8 
38.1 36.4 41.0 43.0 36.1 42.6 37.8 42.4 
103.3 36.5 39.9 42.0 101.9 98.0 97.7 106.6 
107.1 101.5 42.6 38.1 38.5 108.5 100.5 109.0 
108.9 41.6 103.0 99.3 104.5 40.9 99.4 41.4 
100.5 36.9 103.0 108.3 105.7 36.8 41.2 105.3 
42.6 36.0 39.2 100.9 42.9 40.1 106.1 103.0 
42.7 96.8 40.9 100.2 103.4 103.3 106.7 108.7 
37.4 36.1 42.0 99.1 39.6 41.3 105.5 37.5 
101.8 99.8 105.1 42.7 100.3 107.4 36.4 105.6 
40.8 42.1 39.5 41.0 101.3 36.0 40.6 40.3 
100.2 103.9 167.3 97.8 41.5 38.1 106.8 105.1 
36.4 103.3 97.3 39.3 42.0 103.9 102.9 37.2 
37.9 42.9 38.7 108.0 36.4 36.5 42.6 40.1 
99.8 104.2 38.9 42.5 40.0 101.6 36.8 37.9 
96.9 107.3 36.0 106.8 38.3 99.8 100.6 98.7 
101.7 38.8 101.4 103.0 100.1 37.6 36.4 103.2 
39.5 41.8 41.0 39.7 36.0 39.3 39.4 38.5 
41.2 41.6 37.5 37.7 38.8 42.6 38.5 39.3 
36.6 104.6 36.9 37.0 104.2 40.9 105.8 36.0 
37.0 98.8 109.3 43.0 40.9 41.5 97.4 108.0 
105.7 108.1 41.0 107.2 107.4 36.3 37.9 38.1 
37.2 104.0 101.5 36.7 36.9 42.7 106.9 37.8 
105.8 102.9 40.7 43.0 98.1 41.4 100.9 101.6 
41.9 42.6 40.1 42.6 39.3 109.2 41.7 36.3 
102.2 38.3 100.1 41.1 37.4 97.3 38.8 102.0 
42.7 104.1 39.7 98.0 108.3 42.4 108.8 42.2 
105.4 99.0 106.8 99.2 38.8 39.4 37.8 104.2 
104.8 42.9 36.6 102.1 41.6 41.5 38.7 38.4 
38.4 42.3 104.0 39.0 41.4 42.2 98.5 107.7 
37.4 42.3 42.1 36.5 37.1 40.6 106.8 102.1 
39.7 39.2 39.5 108.7 38.6 98.5 36.5 100.0 
40.1 42.3 105.0 100.2 104.0 41.7 98.5 102.7 
41.1 38.3 99.1 38.2 37.1 39.2 37.7 36.9 
104.0 41.6 36.6 98.7 37.0 39.4 107.9 103.3 
36.0 38.7 36.2 99.2 107.0 36.6 39.0 36.5 
40.6 41.4 -60.3 36.2 39.4 42.1 39.7 41.2 
98.2 107.3 36.3 37.2 41.2 40.6 40.2 98.0 
43.0 36.0 38.9 38.3 108.9 100.5 36.6 39.1 
40.3 39.0 98.8 108.4 104.5 38.7 106.6 39.9 
40.2 102.2 41.8 39.0 104.2 41.8 36.2 108.8 
103.0 36.4 100.5 104.6 40.2 37.1 39.3 37.9 
98.1 103.7 108.7 101.3 38.5 37.3 37.7 103.2 
42.9 38.4 108.2 104.9 106.8 98.0 39.4 97.3 
100.1 42.7 36.8 40.8 38.8 37.4 101.8 41.4 
40.0 36.1 102.4 38.0 100.7 40.4 105.0 41.1 
42.8 38.9 39.0 108.0 36.4 99.0 101.1 106.7 
41.8 40.3 108.0 41.9 36.7 37.2 38.6 104.1 
36.0 36.5 -128.1 41.6 41.8 107.4 103.2 38.3 
105.2 37.5 105.2 38.6 40.0 41.5 40.3 38.5 
37.5 36.0 36.3 36.0 109.0 38.4 104.6 37.5 
39.6 103.0 40.1 103.0 100.7 37.7 38.8 105.5 
36.5 42.0 40.6 97.3 40.1 40.9 40.7 38.8 
39.4 42.3 102.2 100.6 108.8 36.8 42.7 104.1 
105.0 36.4 41.7 104.5 104.5 97.1 36.5 108.4 
109.3 36.2 40.0 36.5 107.6 39.5 42.2 100.4 
40.6 101.8 100.6 41.3 36.2 39.4 109.3 102.1 
97.6 42.1 42.2 -53.3 103.2 37.4 105.1 36.5 
42.6 99.6 37.1 36.9 37.6 37.3 38.3 39.6 
39.3 97.4 40.3 42.4 41.5 97.0 40.1 103.5 
36.0 42.1 107.0 42.9 39.6 41.3 37.8 -156.1 
42.2 102.6 39.3 97.6 108.1 107.8 42.1 101.8 
-188.5 37.9 38.4 39.2 40.7 40.5 105.8 39.8 
104.1 97.9 109.3 40.4 97.0 97.6 102.4 104.7 
40.6 107.3 40.4 41.9 37.3 98.9 42.8 98.2 
37.7 41.2 100.9 104.8 37.3 39.0 107.1 39.8 
37.5 104.1 101.6 102.3 101.2 101.8 42.9 40.0 
36.8 40.7 36.8 39.9 96.9 40.0 39.3 37.1 
38.4 37.0 37.6 98.3 100.8 42.9 98.3 98.6 
37.7 37.6 107.5 38.2 38.9 37.9 41.7 41.0 
103.9 41.4 42.4 39.8 42.9 41.9 39.5 37.6 
37.4 37.7 36.2 38.3 102.4 102.9 40.5 97.9 
42.9 37.4 105.3 102.6 40.7 97.5 37.5 -125.7 
103.4 109.0 106.3 40.4 42.6 106.4 98.9 103.0 
36.4 108.4 103.6 108.1 99.6 41.5 37.2 41.4 
103.9 40.1 36.9 38.5 106.9 100.3 37.4 99.7 
43.0 97.6 39.6 39.7 42.2 42.4 105.1 42.6 
107.8 43.0 38.7 40.1 103.8 42.9 107.9 40.8 
39.1 102.1 38.6 37.0 102.6 42.9 97.4 37.1 
97.0 108.1 36.5 100.9 38.2 104.6 108.4 106.9 
108.9 103.7 102.8 40.5 101.0 41.9 41.8 107.7 
96.8 40.3 40.6 109.0 39.6 41.2 39.4 100.1 
39.3 42.3 109.2 107.7 105.2 37.8 102.6 40.9 
37.0 39.6 41.3 107.7 99.6 36.1 97.6 38.3 
36.4 40.8 42.0 40.0 38.2 39.1 36.4 42.3 
102.5 103.6 97.5 103.1 100.5 40.9 42.6 96.9 
106.6 41.5 98.9 102.7 107.0 41.6 108.6 40.0 
38.2 37.4 40.6 39.0 38.2 38.5 39.2 100.1 
40.1 36.9 98.2 100.6 40.9 102.5 102.3 36.6 
-124.8 42.1 97.5 43.0 107.4 39.4 42.4 98.2 
101.4 101.4 100.3 40.2 101.6 42.0 39.6 100.6 
41.5 40.7 38.5 107.9 37.1 38.2 40.2 98.3 
105.2 108.2 98.3 100.8 104.3 43.0 37.5 39.5 
36.5 37.4 40.2 37.4 36.1 42.3 41.3 100.8 
37.3 107.2 41.4 38.6 42.7 99.7 39.3 37.9 
39.4 40.2 40.4 42.0 36.8 102.5 102.8 -47.9 
100.3 105.6 38.4 42.4 41.1 42.7 41.8 -124.7 
106.4 42.6 38.3 42.8 39.0 40.7 41.3 105.5 
39.7 37.7 37.3 97.9 109.1 41.5 42.6 106.7 
37.5 37.8 36.1 108.9 109.4 108.4 43.0 103.1 
42.7 101.1 36.2 104.3 41.3 106.9 38.1 37.7 
103.1 37.7 38.2 99.1 98.0 -189.8 37.6 102.5 
98.0 100.8 105.9 38.4 37.6 37.0 108.4 38.6 
39.8 41.8 38.8 36.8 100.3 39.1 39.9 39.9 
101.2 40.3 97.0 98.8 36.1 41.2 37.1 40.4 
105.3 37.2 109.1 37.9 25.8 39.7 102.5 98.3 
104.3 105.3 41.3 36.6 97.4 40.9 97.0 40.7 
99.4 38.7 40.5 99.6 42.6 36.9 41.7 104.4 
37.6 37.2 36.1 39.4 97.8 38.8 97.1 98.5 
101.3 98.6 39.4 40.9 39.9 101.6 100.5 106.4 
37.1 98.3 107.3 38.7 39.6 37.9 102.3 37.0 
36.5 39.7 103.4 42.6 108.4 99.8 43.0 109.2 
98.1 38.8 36.8 40.9 101.0 101.5 37.6 39.3 
100.2 106.4 98.9 42.9 36.9 109.3 102.7 40.7 
99.5 36.6 40.5 40.0 36.6 40.0 109.0 104.6 
108.6 36.0 38.3 42.5 39.9 38.7 39.2 40.2 
37.7 42.3 36.8 38.3 38.4 98.2 103.2 39.9 
98.7 37.8 99.5 98.7 108.4 101.1 41.6 40.1 
104.7 42.3 39.3 36.1 42.7 106.7 105.6 41.2 
99.8 37.1 105.0 97.4 39.8 107.3 25.7 105.5 
43.0 36.2 40.4 40.3 107.8 100.1 42.5 102.4 
39.4 97.3 41.8 107.1 54.3 36.2 42.1 102.6 
42.4 37.7 39.1 40.5 104.7 37.0 36.9 104.6 
105.4 38.8 97.1 40.2 36.0 41.4 96.9 36.7 
105.5 42.3 38.7 97.1 96.8 101.0 100.9 40.4 
106.1 40.1 36.2 42.7 39.1 102.2 37.7 43.0 
41.5 36.6 41.6 109.3 40.3 39.8 36.7 106.6 
39.0 106.7 105.8 40.4 97.3 41.9 41.3 40.4 
37.1 98.7 37.1 37.3 40.1 109.2 38.1 41.3 
38.7 38.7 36.1 104.2 39.8 103.4 101.0 39.4 
100.2 106.9 39.2 42.0 38.4 106.1 100.9 39.9 
38.0 40.7 39.5 36.0 41.2 103.4 40.8 40.2 
103.7 101.1 40.0 38.4 40.8 39.2 97.5 36.1 
42.5 36.6 42.0 99.0 108.2 41.5 39.4 38.1 
42.1 40.6 36.8 39.2 40.5 41.8 99.1 96.9 
37.7 41.1 39.1 100.7 40.7 39.8 40.7 39.0 
37.6 37.0 99.1 98.2 38.7 43.0 101.7 43.0 
38.0 36.1 38.3 36.2 40.8 41.2 107.0 39.0 
37.4 40.3 40.3 37.3 98.3 42.1 42.7 97.2 
41.5 108.4 100.4 41.6 101.6 37.8 103.2 40.9 
42.9 39.8 39.1 40.4 104.3 109.0 36.4 36.3 
101.9 106.7 36.6 108.6 36.1 97.2 40.4 39.5 
106.1 105.8 96.8 40.6 109.0 38.3 41.3 97.3 
37.4 40.1 107.1 105.0 42.7 103.4 42.6 43.0 
98.9 40.0 40.3 39.0 102.0 42.1 97.2 40.5 
37.1 100.0 41.2 41.2 106.6 107.3 103.4 38.7 
-105.6 104.6 42.5 101.6 107.2 41.6 39.0 101.7 
36.7 104.7 103.3 103.4 41.1 37.9 42.9 98.5 
38.8 42.3 40.7 102.4 37.3 42.0 42.4 42.0 
41.7 108.5 40.4 40.4 97.8 36.4 38.9 38.5 
37.1 105.1 96.9 36.7 38.9 40.9 41.5 97.5 
37.6 102.2 38.2 41.5 108.0 42.8 105.3 106.0 
37.9 100.0 99.5 109.2 42.1 42.7 103.0 104.8 
98.6 101.3 105.7 36.9 103.9 36.1 108.4 97.3 
40.1 39.8 100.4 37.6 40.7 98.9 98.9 37.4 
37.6 106.0 37.6 39.6 36.3 106.7 104.5 38.0 
104.5 105.8 40.0 41.2 41.7 42.9 106.6 108.1 
42.6 41.3 36.4 39.8 37.9 36.2 105.3 36.4 
40.5 39.1 98.8 102.2 98.8 36.2 104.6 98.9 
36.5 102.3 108.0 40.9 39.1 36.6 37.9 100.1 
106.6 38.9 41.2 38.1 98.1 38.5 40.5 42.4 
38.5 42.1 99.8 100.5 40.6 103.6 108.0 36.0 
104.5 37.9 42.5 109.1 106.7 109.0 101.9 105.1 
41.6 40.6 103.0 41.4 106.5 42.9 103.0 104.2 
104.0 108.3 42.8 38.8 38.5 38.2 37.2 40.7 
36.7 100.9 36.5 36.6 39.9 40.2 102.7 39.3 
106.9 106.6 106.4 98.8 39.8 105.5 39.3 40.3 
98.2 42.8 99.0 105.6 40.1 106.2 97.0 37.0 
98.6 41.4 109.3 108.6 105.5 42.4 39.6 103.5 
42.9 37.5 36.6 41.3 41.0 36.2 42.6 38.9 
39.8 42.3 42.0 40.0 39.7 97.6 106.5 105.8 
36.9 103.1 40.6 98.9 41.9 103.6 108.5 38.8 
39.9 101.4 36.2 101.2 105.0 42.8 39.7 39.4 
106.3 42.1 100.1 36.5 37.0 39.2 36.6 97.7 
39.0 98.7 37.4 38.8 102.7 37.0 97.8 39.8 
42.0 97.4 39.2 40.4 102.2 97.4 100.4 36.5 
103.7 100.7 39.5 99.3 42.7 98.3 100.5 36.2 
37.6 103.8 109.0 38.9 38.1 97.6 100.9 42.2 
36.4 40.5 42.0 100.8 41.7 103.0 37.4 105.0 
42.2 42.2 37.7 39.7 36.5 38.0 105.2 41.1 
38.6 102.7 41.2 38.4 39.2 42.8 41.5 41.0 
41.0 42.7 38.1 40.1 106.1 38.5 101.5 41.2 
42.2 41.8 39.2 102.1 103.6 98.4 39.7 42.3 
97.4 103.4 42.9 107.0 40.7 42.9 107.3 42.0 
36.4 101.6 36.5 40.0 42.1 39.5 42.1 105.5 
38.7 41.0 41.3 103.6 40.0 42.1 96.9 39.2 
97.8 106.8 41.1 109.4 36.9 43.0 101.6 41.5 
42.4 104.3 36.3 38.1 102.4 37.8 37.0 37.3 
42.3 39.9 101.8 106.1 105.6 41.4 108.9 108.3 
38.0 37.2 101.6 99.5 37.1 36.7 106.8 40.4 
109.3 42.2 105.1 106.5 39.1 107.4 40.4 98.2 
38.7 106.7 108.3 42.5 40.9 37.3 36.2 40.0 
97.8 41.2 105.8 42.1 107.8 100.3 103.0 39.5 
36.0 98.9 108.3 38.0 36.8 38.6 97.5 36.7 
41.8 37.9 38.6 40.8 36.2 37.8 37.3 40.1 
98.3 40.5 40.0 39.0 106.3 37.5 39.7 42.5 
100.6 42.0 100.4 38.9 101.3 40.1 107.6 42.6 
42.1 106.5 37.5 39.6 43.0 106.8 96.9 101.3 
41.1 105.4 106.1 103.2 106.3 109.0 103.9 40.6 
42.5 41.3 40.0 38.7 42.4 39.2 106.5 103.0 
41.9 42.1 41.2 105.5 100.6 38.3 41.2 42.0 
108.7 37.3 40.2 105.5 39.6 40.3 36.9 36.6 
38.7 40.6 38.8 105.7 101.6 42.4 102.0 100.1 
42.4 42.3 36.8 102.2 39.2 37.2 36.6 107.1 
38.4 38.7 36.6 40.0 38.6 102.0 36.0 99.9 
38.1 40.2 108.5 100.6 38.8 97.3 108.2 97.5 
107.3 99.6 37.7 109.4 41.5 36.9 97.3 37.8 
40.9 41.4 39.0 40.9 42.8 41.2 39.2 36.3 
42.1 98.4 36.5 42.7 104.3 109.3 37.7 38.3 
42.9 105.1 38.4 97.7 42.1 108.2 37.1 41.0 
38.5 38.8 102.5 100.5 104.8 38.6 107.0 37.2 
41.0 39.7 37.9 39.3 41.8 102.3 37.1 99.6 
98.6 38.6 101.0 103.9 42.6 42.1 38.1 41.7 
39.8 37.5 102.1 103.4 105.4 100.8 42.4 37.1 
105.6 42.9 41.1 42.1 40.4 102.5 103.4 37.6 
40.5 102.7 38.2 104.0 109.1 38.3 38.7 97.0 
40.9 107.8 107.1 39.8 107.2 42.0 37.4 40.9 
96.8 108.0 101.9 107.6 100.4 37.4 38.9 109.2 
108.2 42.8 97.0 40.8 41.7 102.4 102.9 38.2 
100.5 107.6 38.2 101.8 42.4 37.3 38.9 38.3 
37.5 98.3 42.3 36.0 42.0 106.2 101.3 36.4 
39.5 104.2 42.3 41.1 108.3 106.0 108.0 40.5 
39.3 38.3 42.8 37.8 37.5 105.4 36.8 103.5 
104.4 36.2 38.2 41.0 37.7 41.1 37.1 39.2 
106.2 106.7 108.9 40.9 108.5 105.4 102.4 38.5 
103.7 41.0 36.2 42.9 107.9 36.1 37.6 98.8 
107.3 99.1 41.8 40.2 41.1 102.1 97.7 107.2 
43.0 37.4 108.7 100.8 98.3 104.2 105.3 42.0 
98.9 37.3 98.6 38.5 105.0 38.9 105.6 100.6 
38.3 106.9 98.0 41.2 42.0 41.6 98.9 107.8 
42.4 42.2 39.2 37.2 103.3 106.7 41.9 42.3 
104.3 39.9 98.3 42.9 39.6 42.9 36.1 96.9 
36.2 40.3 38.1 108.9 107.1 38.9 38.2 97.8 
41.2 42.2 98.0 37.4 107.5 106.3 36.0 37.2 
40.8 39.7 0.1 38.6 107.2 100.7 40.5 39.7 
42.5 39.5 108.0 106.6 102.4 105.5 102.4 37.7 
108.6 42.8 106.6 104.5 36.8 40.9 99.5 109.3 
40.2 104.9 107.0 38.0 42.4 36.4 41.6 106.2 
39.3 38.3 38.3 99.1 -180.4 104.9 41.2 36.2 
96.8 40.1 41.0 42.0 40.3 40.2 41.2 42.9 
106.3 105.6 39.1 41.4 39.0 109.1 36.3 106.9 
36.0 42.5 106.1 39.3 38.0 100.8 103.6 98.5 
37.5 39.8 39.5 39.4 106.6 37.3 108.6 40.6 
36.0 42.3 97.0 38.3 99.8 38.1 105.2 39.3 
40.8 107.0 97.0 39.6 97.3 96.8 101.7 38.3 
107.3 41.7 36.6 99.5 100.4 39.8 105.8 108.5 
42.6 36.6 40.6 104.9 37.2 40.7 38.3 99.3 
38.1 40.5 109.1 42.6 40.9 41.6 40.4 42.4 
37.7 39.7 -140.1 98.1 102.4 37.6 41.4 36.9 
42.5 40.2 37.4 101.5 109.3 42.6 103.3 40.4 
106.8 36.2 98.2 101.1 39.2 98.7 41.5 98.8 
40.8 42.9 108.3 40.4 103.5 41.1 39.1 37.4 
36.7 108.8 37.1 36.3 100.9 106.7 104.5 43.0 
38.1 37.9 40.4 108.5 100.4 101.7 36.6 40.9 
37.0 42.3 36.7 99.1 41.9 98.5 40.9 108.4 
42.8 42.9 39.7 101.2 102.2 38.4 100.2 42.9 
37.6 103.9 43.0 42.2 41.6 42.6 96.9 41.6 
39.5 108.3 104.3 47.4 101.1 38.1 103.3 39.0 
106.4 102.5 103.1 37.6 105.2 102.8 37.0 40.8 
40.4 40.6 105.0 36.5 38.8 41.8 103.5 39.5 
37.7 39.0 99.1 39.1 38.4 37.8 103.9 102.2 
38.2 106.9 103.0 41.9 97.2 97.4 42.6 102.6 
40.8 108.1 36.3 104.5 36.5 39.9 42.6 106.9 
96.9 36.1 41.3 40.6 42.4 102.9 37.0 108.2 
56.0 41.4 37.9 100.7 36.7 37.6 107.1 99.7 
104.8 98.7 38.1 102.3 40.9 42.9 105.7 101.7 
104.3 100.3 41.7 105.0 103.0 100.3 103.4 102.6 
42.2 39.0 104.0 39.9 40.1 36.9 37.7 42.2 
37.1 39.5 97.1 107.7 100.6 101.8 38.0 37.7 
100.4 106.9 37.7 99.1 41.7 37.3 37.8 107.7 
38.9 107.4 38.2 103.7 41.0 41.9 98.3 37.2 
41.8 41.2 39.8 -70.7 97.7 41.3 104.2 104.5 
37.9 98.9 97.2 40.9 38.9 41.9 38.9 38.0 
36.8 41.6 39.8 42.0 97.5 106.0 42.8 38.5 
97.9 39.9 42.6 36.7 42.6 109.4 42.4 40.5 
105.4 99.4 37.3 36.7 39.6 37.2 107.6 38.8 
105.4 42.4 97.6 104.6 40.9 41.5 39.1 98.4 
39.4 40.3 103.2 107.4 39.9 36.5 99.0 39.6 
37.4 102.0 41.2 40.3 39.7 41.5 38.0 -118.4 
36.6 37.2 102.6 41.7 37.9 36.9 39.1 36.5 
99.7 39.8 102.6 38.9 42.9 37.8 105.2 40.8 
42.1 40.7 43.0 40.6 41.5 102.4 108.0 98.2 
39.5 39.3 40.1 99.1 38.7 40.3 41.9 98.2 
103.7 41.6 39.6 36.6 39.0 106.5 41.9 104.4 
40.9 40.9 38.7 41.0 37.4 39.8 106.2 40.8 
42.7 39.2 37.5 42.8 98.0 36.3 104.8 106.5 
99.1 36.5 38.2 107.0 36.3 106.2 39.2 108.7 
108.8 104.6 97.8 42.1 40.8 100.1 39.7 39.9 
99.7 41.4 37.2 40.0 40.9 98.4 98.9 37.8 
37.9 40.1 40.0 100.9 104.4 38.8 99.4 100.8 
109.1 104.9 99.1 37.1 104.9 40.9 36.1 98.3 
98.3 105.9 38.8 98.5 37.5 104.5 38.8 108.8 
99.1 103.5 102.2 103.3 38.3 107.2 36.6 36.5 
96.9 40.9 42.7 41.2 104.6 39.7 37.1 40.6 
100.4 37.1 98.7 38.8 104.3 40.6 39.2 100.9 
42.2 39.4 42.4 40.0 39.6 112.7 105.2 38.1 
104.1 43.0 42.2 -91.6 105.6 100.4 99.6 36.2 
38.5 100.7 37.8 42.7 104.4 38.4 103.1 40.0 
36.2 40.1 39.0 36.5 37.8 42.1 39.0 104.8 
97.7 107.1 40.3 43.0 36.6 37.7 96.8 41.7 
101.1 100.4 36.5 98.5 42.1 83.4 41.8 106.0 
107.0 42.5 99.5 39.5 109.0 38.8 38.1 40.9 
99.1 36.2 42.1 100.9 36.9 40.2 101.9 39.2 
37.7 36.7 41.6 109.1 40.5 42.9 105.2 36.0 
42.8 109.2 107.5 39.5 40.4 107.7 109.4 40.1 
37.4 41.9 108.3 103.3 106.7 38.2 36.9 40.9 
36.8 42.6 37.5 41.1 38.4 36.3 40.5 100.3 
40.0 40.8 41.4 42.5 42.2 107.2 42.1 41.2 
102.2 40.1 41.0 39.1 102.6 41.0 43.0 36.7 
41.7 41.6 39.2 39.8 38.1 101.4 42.9 106.0 
37.9 37.2 97.7 36.0 39.0 38.2 107.9 102.2 
97.3 36.5 102.7 96.8 107.2 107.5 105.6 108.5 
104.9 40.7 41.6 41.9 40.3 39.5 38.8 107.9 
41.3 97.5 103.0 36.4 39.3 38.5 105.6 105.3 
41.8 98.0 109.2 42.2 37.6 42.2 103.4 41.6 
41.0 103.4 108.5 103.0 108.9 43.0 41.3 39.2 
101.2 42.7 36.9 43.0 42.8 39.7 108.8 38.5 
98.8 105.8 38.1 99.2 41.4 105.7 103.5 38.7 
38.6 37.3 97.3 37.4 97.3 41.5 100.8 39.9 
39.3 38.7 99.6 40.3 38.8 107.0 40.4 105.3 
39.4 104.6 42.8 103.9 100.5 36.7 36.2 36.9 
37.3 37.3 38.8 99.7 103.2 42.3 39.2 39.0 
105.9 100.1 37.7 37.2 40.8 42.5 107.9 37.2 
99.1 38.1 40.2 38.6 104.7 37.8 42.6 40.9 
104.5 103.1 38.7 36.8 41.3 42.3 40.2 38.0 
102.5 103.1 105.9 104.3 98.5 107.1 40.2 102.1 
36.2 40.0 36.0 103.9 42.6 102.0 41.4 107.3 
103.1 38.4 38.8 39.7 99.4 100.1 42.5 99.1 
40.4 107.6 102.5 39.7 97.5 38.1 37.9 103.6 
41.4 42.2 98.6 101.5 38.2 108.4 38.1 42.4 
103.2 36.1 39.1 99.9 36.8 99.7 96.9 36.0 
1.7 105.4 37.8 108.3 36.7 36.4 106.3 107.9 
41.3 99.6 103.2 108.8 42.3 104.8 36.4 41.5 
42.8 40.9 101.0 37.7 106.4 99.3 42.0 42.4 
108.2 109.3 38.7 40.9 37.1 106.7 99.6 41.1 
104.4 42.6 102.8 41.8 108.0 103.3 36.5 97.8 
36.4 42.5 107.5 106.2 103.9 99.4 41.2 37.7 
43.0 42.6 42.7 102.4 41.0 100.9 38.6 106.0 
36.7 102.4 41.9 39.9 42.0 41.0 97.3 102.8 
39.5 41.0 104.5 40.8 41.9 105.3 42.8 37.1 
39.5 102.3 99.9 106.9 101.7 104.7 37.3 106.7 
101.0 40.9 39.7 99.4 36.9 103.0 38.3 104.0 
37.3 98.2 39.8 36.3 107.4 41.8 98.6 97.7 
40.1 36.4 105.6 38.1 -72.4 40.6 36.8 100.8 
37.2 41.6 43.0 42.2 99.6 41.8 107.7 106.7 
39.5 97.5 40.0 97.3 41.5 38.4 107.1 99.5 
37.1 37.7 100.3 36.3 37.1 98.1 36.6 37.1 
106.1 41.3 98.2 105.9 101.5 107.6 40.8 42.2 
104.3 40.5 41.3 36.3 37.6 37.3 40.8 41.3 
103.9 105.1 42.3 99.5 102.8 99.1 106.7 41.9 
104.0 40.2 38.3 37.0 39.3 38.2 103.3 98.9 
38.4 107.6 104.7 107.3 98.7 40.2 37.9 42.6 
102.8 97.9 40.1 102.1 105.1 108.0 39.7 42.1 
42.8 41.1 101.1 40.1 39.0 42.1 99.6 98.0 
98.0 39.6 38.6 41.3 37.1 41.1 37.9 43.0 
101.0 40.2 107.3 108.3 103.3 99.2 38.2 42.3 
41.3 40.5 164.4 42.1 37.8 107.6 40.8 40.4 
38.4 39.1 37.7 42.8 108.2 37.8 40.0 42.7 
37.9 36.1 104.9 38.8 39.8 106.5 37.2 39.6 
40.9 36.9 107.0 96.9 106.0 39.2 98.4 37.2 
41.7 37.5 37.6 36.5 97.9 36.2 100.9 39.6 
104.2 99.0 41.4 102.8 39.4 102.2 102.7 106.3 
108.0 40.9 -4.8 42.8 105.8 99.6 42.3 40.2 
42.4 105.6 97.4 41.3 101.1 36.3 41.7 102.0 
37.2 99.1 37.0 38.6 97.4 37.1 43.0 107.1 
37.0 109.4 106.7 37.6 36.0 108.7 37.1 106.6 
37.9 41.5 42.1 40.2 37.5 37.8 97.0 106.6 
39.3 36.1 100.1 39.0 42.1 103.9 41.1 38.7 
105.9 36.1 37.1 37.9 36.7 39.4 42.7 104.1 
102.5 109.4 103.3 102.7 -26.2 101.5 37.1 39.4 
41.8 40.8 41.9 38.8 40.7 36.0 100.3 108.8 
100.8 40.0 100.3 103.6 42.0 105.6 38.2 102.4 
105.5 41.3 106.3 38.2 38.1 105.9 96.9 100.3 
40.4 105.5 100.6 36.8 42.3 40.4 38.3 38.2 
108.0 105.2 108.0 104.0 39.4 108.4 37.6 97.0 
99.3 37.9 37.2 39.0 37.1 37.9 109.0 100.3 
96.9 42.4 105.7 38.7 36.9 42.0 97.2 101.3 
36.2 109.4 36.5 41.7 37.1 101.6 39.0 41.2 
36.9 38.5 40.6 108.1 36.5 38.0 96.8 39.5 
106.2 40.7 39.0 39.8 -119.4 106.7 39.5 38.7 
37.5 99.1 42.7 104.1 40.5 36.1 99.4 101.0 
102.5 39.4 40.0 41.4 105.2 36.0 37.1 107.9 
41.9 106.4 107.9 100.1 39.9 40.6 39.8 38.8 
107.9 38.8 100.5 41.5 36.0 39.8 36.7 42.1 
39.3 100.2 36.0 39.7 37.7 41.3 99.3 97.1 
42.5 99.5 42.3 40.7 36.6 98.5 104.5 108.0 
38.3 40.7 102.0 40.6 39.1 107.4 40.2 37.7 
40.6 40.8 36.4 126.7 100.5 41.6 99.2 102.0 
40.1 40.3 41.6 36.9 103.4 97.1 40.8 108.7 
38.2 39.3 41.0 104.5 43.0 39.8 36.4 39.6 
97.3 39.1 40.6 101.7 39.0 40.8 102.1 41.2 
37.2 99.5 37.0 97.1 104.7 105.4 36.4 38.7 
97.7 38.2 100.6 38.4 37.4 42.7 109.0 39.1 
42.3 99.5 38.5 40.9 107.0 40.3 99.6 37.5 
36.2 37.8 105.5 42.6 104.3 36.6 99.7 97.8 
36.7 97.3 42.3 41.0 38.2 42.9 38.1 40.3 
41.9 40.5 102.9 36.0 38.4 36.9 38.2 -167.6 
103.9 107.3 97.7 104.3 42.0 -122.0 41.4 37.7 
36.5 101.4 -159.3 38.0 39.8 109.2 37.7 40.8 
43.0 109.1 99.4 40.3 101.5 106.1 42.0 103.3 
39.3 109.1 102.3 36.4 109.2 41.7 39.6 36.1 
108.7 103.5 109.4 103.4 42.7 38.9 36.2 37.6 
36.7 43.0 39.9 38.2 41.1 103.7 40.0 38.9 
98.3 40.1 41.7 41.2 42.2 36.0 37.8 40.0 
36.0 100.7 42.4 102.6 41.4 105.7 103.2 101.8 
97.7 42.5 98.8 36.9 104.7 38.2 42.0 108.6 
37.7 40.5 41.8 103.8 36.7 40.6 99.1 106.7 
36.7 -179.3 36.9 36.4 97.2 103.9 42.4 39.6 
41.7 39.2 38.7 39.7 97.3 105.1 39.9 36.7 
99.2 37.0 105.2 42.4 40.9 36.7 36.4 43.0 
103.7 36.2 40.8 109.0 42.9 41.7 37.9 106.6 
39.5 100.2 38.0 99.0 36.4 100.8 38.4 107.2 
36.0 36.0 37.5 42.5 36.6 39.2 104.5 101.7 
102.4 37.6 100.0 40.1 40.3 40.6 107.4 101.9 
36.1 105.1 108.2 36.2 38.0 42.6 103.5 105.1 
38.6 37.5 37.8 42.7 98.6 37.6 38.8 38.7 
41.2 36.4 38.4 98.3 36.3 36.9 37.2 40.2 
36.9 37.9 38.8 39.2 97.2 39.0 107.4 42.5 
37.4 98.7 98.2 38.1 101.7 40.4 41.4 41.1 
39.9 36.3 40.8 36.1 39.9 37.4 39.7 100.4 
42.7 42.0 105.9 106.8 41.0 36.6 37.2 101.1 
39.1 38.7 36.5 40.1 99.6 106.0 42.7 38.6 
102.8 36.9 101.9 37.0 37.7 105.4 37.5 -108.2 
37.7 108.0 98.1 106.2 36.7 38.9 101.6 40.1 
40.7 105.9 108.2 36.6 98.7 36.2 42.4 102.1 
37.1 97.8 40.8 106.3 104.9 97.3 38.8 107.0 
40.0 42.1 41.2 42.4 99.4 41.9 41.8 41.9 
39.8 39.5 37.0 108.2 42.7 103.4 38.8 39.3 
99.3 40.6 36.4 108.4 104.4 105.0 97.4 98.9 
37.9 37.0 39.5 107.4 40.3 103.6 102.9 98.4 
36.7 104.7 40.2 109.3 12.3 97.7 98.3 104.7 
105.7 99.8 104.1 109.0 36.8 36.8 38.5 39.1 
100.7 42.3 100.6 38.8 98.1 40.6 103.9 40.8 
104.8 41.0 104.8 41.0 37.6 104.0 108.5 36.2 
41.4 98.3 36.0 38.9 105.5 38.8 42.2 108.7 
39.0 39.9 100.6 98.3 38.1 41.9 107.8 101.9 
42.2 109.1 98.0 38.1 38.4 37.4 41.7 41.9 
97.9 107.7 102.8 108.9 41.9 106.5 37.8 109.3 
42.9 -41.6 36.0 40.9 36.7 41.2 36.0 41.3 
99.6 107.7 101.3 36.4 40.6 38.4 97.7 101.9 
103.9 41.5 101.2 42.5 99.3 106.3 37.3 41.7 
97.3 106.5 43.0 36.2 40.7 41.8 105.3 41.5 
39.6 42.0 97.8 39.4 41.4 97.6 37.8 102.6 
106.4 38.4 41.1 41.4 37.7 40.5 103.2 103.0 
38.9 39.8 97.0 40.1 42.6 98.0 101.5 39.4 
36.8 41.9 37.1 107.2 109.4 41.0 104.7 40.8 
40.4 36.6 106.2 37.3 37.5 41.0 42.5 103.1 
43.0 42.4 38.3 98.3 107.3 36.0 104.9 40.3 
42.2 42.2 106.8 39.8 98.1 99.2 41.9 37.6 
108.8 37.5 97.6 38.2 107.2 103.6 105.7 41.1 
39.0 36.0 38.3 99.3 42.0 99.3 36.6 36.0 
39.3 101.6 37.0 37.0 37.1 101.9 100.8 109.1 
42.1 40.3 98.2 100.0 103.7 42.9 40.7 101.3 
40.0 39.7 38.0 100.4 41.2 40.5 39.2 105.7 
37.4 39.1 40.8 36.2 96.8 36.0 40.5 38.9 
41.0 -132.3 97.3 42.7 38.1 40.0 37.7 42.2 
107.1 37.7 37.9 39.3 100.0 101.7 105.0 41.4 
40.1 106.5 39.9 105.0 36.1 41.4 40.6 37.2 
97.5 36.9 36.0 107.6 38.3 36.5 38.8 36.0 
42.8 98.2 40.9 104.1 103.5 101.5 109.1 38.3 
100.4 98.6 108.5 41.8 102.3 97.8 37.9 101.5 
102.6 41.8 99.4 39.2 41.0 98.2 39.1 96.8 
97.0 106.6 37.9 103.5 36.4 40.5 99.7 39.8 
97.0 42.0 102.0 40.5 36.3 103.2 101.1 104.9 
104.8 39.5 37.7 39.1 108.1 42.0 42.6 40.7 
40.8 36.8 106.5 103.6 108.2 104.5 103.1 108.8 
102.0 41.1 109.1 39.3 108.3 41.3 39.8 36.3 
98.0 39.5 42.5 99.3 97.4 39.1 106.5 98.2 
101.7 106.7 99.2 105.4 105.5 39.2 41.4 38.7 
41.7 42.9 40.7 100.2 97.4 98.9 100.5 40.5 
36.1 42.1 41.4 42.9 101.0 102.1 41.2 42.6 
39.5 38.6 41.9 41.1 38.7 39.3 42.5 99.6 
101.3 98.2 103.8 98.9 109.0 41.0 37.8 99.3 
103.3 102.4 103.0 107.0 38.2 40.7 36.6 102.3 
42.6 41.0 103.7 100.9 42.1 105.1 38.5 100.5 
103.9 108.3 107.6 106.1 42.4 102.8 42.3 98.9 
98.3 99.8 107.0 37.3 104.7 101.4 98.3 42.8 
37.6 108.4 101.7 103.9 41.5 36.9 36.7 39.0 
38.1 41.3 43.0 36.7 108.6 102.2 37.0 41.7 
38.5 98.6 102.2 36.0 39.8 36.9 98.5 101.9 
104.0 106.8 37.9 101.4 42.4 38.6 38.7 42.1 
36.5 -48.1 36.0 102.5 109.1 36.1 38.3 38.1 
41.8 36.9 103.8 98.1 41.7 103.9 37.2 37.1 
42.8 38.2 38.8 109.2 38.5 98.4 36.0 36.8 
103.0 39.1 39.8 97.7 36.6 39.9 99.7 101.8 
109.0 37.4 42.9 38.4 39.0 38.0 37.0 106.8 
36.0 36.2 42.3 99.6 43.0 104.3 107.5 41.7 
40.2 108.1 98.2 105.2 37.8 100.3 38.7 42.7 
40.6 36.0 42.0 40.4 42.6 100.7 40.1 102.2 
100.6 41.0 41.4 98.6 109.1 36.5 97.5 37.2 
106.8 37.6 38.4 97.9 37.5 103.9 41.5 38.7 
106.0 101.0 37.0 41.1 107.7 107.1 40.2 40.7 
17.0 39.0 99.4 106.9 98.2 97.3 102.8 97.2 
37.0 98.6 40.2 39.6 102.0 102.4 100.2 42.3 
106.4 39.8 39.0 102.4 106.6 40.3 37.4 96.9 
106.7 100.4 41.1 103.5 105.5 103.0 98.1 104.1 
42.4 43.0 40.2 21.2 39.3 104.3 38.9 36.1 
97.2 37.3 106.3 101.4 108.0 38.6 100.6 107.9 
43.0 100.5 42.7 97.1 38.9 101.0 37.2 41.2 
42.1 105.0 41.9 40.4 99.8 106.5 106.5 102.6 
102.8 98.9 39.1 99.4 100.4 100.0 39.0 39.8 
37.3 108.8 107.8 41.5 39.2 39.8 39.8 39.2 
98.4 99.8 40.0 39.9 98.5 41.2 97.5 105.6 
100.4 97.8 106.6 101.3 36.9 102.8 96.9 40.6 
37.1 97.0 39.5 99.2 108.5 97.5 38.8 37.8 
104.8 37.8 109.4 41.9 103.0 107.3 39.2 40.7 
36.7 109.0 103.0 40.2 99.1 38.3 41.2 41.3 
38.8 102.2 39.1 97.1 40.3 36.6 97.2 100.0 
98.7 104.4 104.4 42.1 37.4 101.6 105.9 101.6 
42.4 38.8 37.1 42.9 109.4 102.0 36.4 37.4 
97.1 100.1 42.1 100.5 107.1 43.0 38.6 37.7 
98.8 39.9 97.3 40.0 42.2 105.3 108.0 40.7 
42.9 99.6 105.2 104.4 101.9 40.7 40.7 101.6 
37.8 107.7 96.9 37.2 108.1 100.9 36.4 38.3 
107.8 98.5 97.7 98.0 40.9 100.0 100.8 40.0 
46.8 40.9 39.8 40.4 106.0 38.9 37.1 106.8 
105.8 102.6 109.0 100.5 108.1 36.0 38.6 39.1 
39.9 40.0 37.8 106.6 41.3 42.1 41.3 39.9 
37.1 40.8 97.3 96.8 41.8 37.4 102.9 103.8 
36.0 39.7 41.7 100.1 42.8 42.8 38.8 41.2 
38.1 38.4 39.8 103.1 108.5 40.3 36.7 42.0 
102.4 38.2 40.1 37.9 37.9 36.1 98.5 39.0 
106.9 98.5 39.0 103.6 40.0 36.1 97.8 97.4 
36.1 42.8 97.3 42.3 107.9 38.4 37.3 37.0 
100.5 101.3 101.3 104.1 97.8 40.4 42.5 41.1 
39.7 99.6 39.7 39.8 108.4 109.2 97.8 37.0 
98.0 37.8 104.6 99.4 37.1 104.4 98.7 102.3 
39.8 42.7 38.3 37.9 102.3 37.8 97.6 106.1 
105.5 107.7 108.7 104.4 106.4 101.6 107.6 41.9 
41.9 108.5 103.2 40.3 97.7 108.2 102.9 41.5 
37.3 40.2 104.4 38.6 40.4 108.4 40.2 109.4 
37.4 100.7 40.5 42.4 108.8 108.8 156.3 106.6 
38.1 36.9 105.6 36.7 38.3 38.5 41.9 36.7 
37.8 38.4 107.1 105.5 41.1 101.7 40.6 38.0 
37.1 97.7 42.1 36.3 36.2 36.2 106.6 101.1 
99.9 37.5 40.8 41.0 42.7 96.8 37.6 101.9 
36.0 103.7 39.7 41.4 102.6 36.7 42.2 38.5 
96.8 39.8 39.6 100.7 96.9 39.8 100.1 103.3 
40.2 41.0 106.3 36.5 40.0 39.8 37.7 40.1 
42.6 42.3 42.7 41.6 37.5 105.6 37.5 41.0 
106.6 39.6 103.5 108.0 38.3 39.7 102.4 40.1 
42.3 106.0 41.3 41.6 40.2 40.1 40.6 37.0 
99.5 38.1 103.2 108.8 42.0 98.3 104.1 109.3 
42.3 99.2 40.8 37.6 39.2 39.6 36.4 108.6 
39.7 106.8 100.3 37.7 104.9 40.5 39.5 105.6 
39.7 101.9 107.4 37.8 36.1 39.7 36.9 101.4 
39.8 40.0 41.4 108.8 100.7 99.3 39.8 40.3 
39.9 105.7 42.3 107.8 101.0 96.9 108.0 41.3 
105.5 42.2 97.3 106.2 36.8 40.4 41.4 36.2 
42.5 38.8 98.0 41.7 37.7 38.2 107.1 106.8 
101.5 39.0 102.4 43.0 37.4 37.6 103.4 40.3 
108.0 41.6 36.0 97.0 41.4 41.6 42.1 36.7 
36.1 107.9 38.5 107.3 97.7 36.3 36.1 101.8 
38.6 41.7 38.9 42.2 102.4 106.3 38.0 36.6 
40.4 100.4 -119.5 37.7 41.5 39.1 39.2 103.8 
41.2 105.1 39.8 103.7 42.5 41.9 37.0 39.5 
97.2 98.5 103.4 98.8 40.1 42.8 99.0 97.1 
38.2 38.1 106.3 39.1 40.1 41.0 42.7 36.2 
102.5 145.2 39.8 36.3 36.3 36.4 39.2 104.8 
37.8 104.1 36.9 38.1 37.8 106.4 100.4 41.1 
38.0 103.2 41.8 106.5 99.3 40.8 100.6 38.0 
36.8 39.2 37.9 106.9 36.9 42.5 38.5 41.4 
105.7 97.6 97.0 40.0 40.0 107.5 40.0 103.3 
40.0 37.9 38.2 103.7 37.7 104.4 39.9 107.8 
39.4 40.8 37.6 38.2 103.2 39.7 40.1 42.5 
40.6 39.4 104.9 38.5 103.4 104.0 36.1 97.3 
36.2 41.2 42.7 38.0 43.0 39.5 38.3 106.1 
109.1 39.1 41.6 97.2 106.1 102.7 41.8 100.2 
42.2 36.9 40.1 108.8 36.1 -136.5 108.1 105.2 
41.1 36.4 97.8 40.6 42.2 41.1 109.1 42.5 
99.2 108.8 42.6 100.7 98.1 39.9 38.4 102.0 
36.2 41.4 41.1 41.6 41.8 39.9 102.4 41.7 
102.6 40.5 38.4 37.3 98.9 40.5 108.3 40.8 
41.8 106.1 105.9 105.3 38.8 38.3 38.7 38.9 
36.3 41.9 42.0 105.4 108.0 41.9 100.1 103.9 
37.8 99.8 40.5 39.3 98.1 101.8 101.5 40.9 
41.7 103.3 39.4 38.4 103.1 98.8 40.8 109.1 
40.4 99.4 42.8 108.2 98.8 40.2 21.4 109.3 
101.7 108.5 40.6 96.8 105.1 39.9 102.7 41.5 
102.9 40.5 99.7 36.5 109.4 103.3 41.1 98.5 
97.5 36.0 99.7 104.4 39.0 42.4 39.1 100.0 
40.3 40.4 42.8 38.6 38.3 97.9 41.4 39.6 
42.9 101.7 42.3 101.6 36.8 37.9 114.2 107.4 
39.9 41.2 102.1 103.6 36.5 98.0 108.0 37.0 
36.3 41.7 97.9 39.2 36.5 42.5 42.8 107.9 
39.4 40.5 39.6 106.3 103.6 41.5 42.6 38.2 
-169.3 42.5 38.6 41.8 98.4 39.8 102.8 41.8 
42.9 103.2 41.1 101.7 106.7 108.7 36.9 99.7 
36.1 37.2 96.9 36.5 99.8 40.4 108.9 38.5 
107.1 36.2 98.1 38.4 39.8 41.3 100.5 39.1 
41.4 97.6 39.7 104.5 103.4 41.5 37.2 39.0 
42.4 36.2 36.5 37.1 -1.4 40.7 37.5 102.7 
104.7 39.8 36.4 42.1 36.1 109.3 41.0 108.2 
37.5 104.7 42.5 42.5 102.6 39.9 42.6 37.8 
37.1 98.6 40.3 42.1 42.5 39.3 40.7 40.8 
40.8 42.9 42.7 105.0 39.4 42.4 108.6 103.6 
39.0 102.4 41.5 102.1 102.8 38.9 106.4 38.1 
43.0 41.9 100.9 42.4 1.3 42.4 40.5 106.4 
103.0 38.5 40.4 38.8 42.9 105.2 105.0 39.2 
107.0 105.6 103.0 106.7 98.5 38.0 97.1 39.9 
102.4 96.8 106.5 42.2 37.2 41.2 42.8 39.5 
36.9 37.1 109.4 99.8 107.4 37.7 41.2 38.6 
39.2 42.6 38.8 107.9 106.3 107.4 38.1 108.3 
97.4 42.7 101.7 101.5 39.6 99.8 41.1 42.7 
100.8 37.9 38.1 39.2 97.6 36.8 36.0 41.9 
39.7 37.2 36.8 40.3 38.4 41.5 39.5 42.3 
97.9 36.4 37.9 106.0 39.5 39.7 102.0 100.3 
42.3 36.7 36.1 37.3 36.5 36.9 36.6 37.5 
42.9 39.1 98.4 103.6 39.3 102.1 103.2 102.1 
41.5 38.4 99.0 107.3 40.5 -79.2 40.6 42.8 
42.6 104.7 107.4 37.1 105.6 39.3 38.0 36.6 
37.8 42.1 37.4 41.5 98.1 104.4 41.0 39.2 
108.0 38.9 102.3 147.9 38.9 97.6 40.4 39.5 
38.4 108.0 106.2 97.8 98.4 42.4 38.4 41.2 
36.6 40.5 105.6 102.0 37.0 99.2 -96.8 98.8 
97.7 40.3 39.0 42.5 36.1 39.6 101.7 41.8 
100.2 38.6 40.3 41.4 37.1 105.3 103.2 98.6 
106.1 36.8 38.5 40.5 41.5 99.5 106.6 104.2 
43.0 37.5 107.7 97.0 39.4 38.4 41.4 107.8 
40.8 98.4 41.1 41.6 39.5 36.4 42.2 42.3 
38.3 105.3 37.6 36.3 104.4 41.0 104.2 100.3 
40.7 42.0 109.1 39.2 39.4 106.9 98.1 41.8 
98.9 96.9 108.7 39.1 42.0 99.0 97.8 37.3 
38.1 38.2 41.8 38.5 39.1 105.8 42.2 97.1 
104.6 37.9 41.9 106.7 104.5 37.9 39.0 104.5 
40.5 105.5 101.5 97.9 98.3 97.1 103.2 36.4 
100.7 103.9 42.3 97.6 108.0 108.3 104.1 101.7 
102.7 103.0 41.9 36.8 40.7 105.9 37.0 104.0 
99.2 106.4 97.7 107.8 102.5 42.6 37.8 98.8 
103.5 102.3 103.1 42.1 38.3 37.6 99.1 105.7 
109.4 37.4 104.6 106.5 109.1 42.6 40.7 37.0 
38.4 37.5 42.9 106.2 40.4 39.5 109.3 37.5 
105.1 39.5 40.5 36.2 40.0 103.8 41.5 106.6 
100.6 39.6 97.7 41.2 102.6 107.9 39.1 102.7 
37.9 42.6 98.9 36.1 41.5 104.3 39.7 39.7 
38.3 39.8 41.4 107.2 104.1 41.3 99.8 38.7 
105.6 43.0 39.5 40.1 40.5 105.3 39.7 102.3 
39.7 42.7 37.8 38.5 42.4 40.9 99.8 42.0 
38.4 103.1 40.5 37.8 108.3 42.2 98.0 38.2 
38.2 98.2 41.3 106.0 39.2 38.7 40.9 109.0 
39.7 107.1 101.1 41.1 103.8 36.5 36.1 100.7 
37.2 37.2 39.5 108.6 97.1 98.7 36.8 40.5 
103.8 106.9 38.2 41.4 102.4 36.1 37.9 36.4 
41.4 38.2 37.4 42.2 101.9 101.2 36.5 103.7 
38.0 40.4 38.2 41.1 40.6 37.2 40.1 36.7 
40.7 41.9 41.7 41.4 39.1 38.1 37.1 98.0 
42.8 39.4 38.7 38.0 36.2 102.1 97.4 39.1 
97.1 98.6 41.2 105.0 108.9 108.5 38.9 98.5 
37.7 36.7 98.0 108.5 37.3 97.7 97.6 39.6 
39.2 38.9 39.2 36.3 101.7 36.2 36.2 37.1 
37.2 37.4 100.4 42.1 42.9 37.1 40.9 41.9 
104.0 37.8 107.0 40.3 -182.3 39.7 38.8 42.6 
41.4 40.6 36.0 38.0 106.0 100.1 37.1 43.0 
106.7 41.0 105.7 40.0 42.2 101.3 38.2 36.1 
105.5 108.0 41.1 38.1 40.1 37.1 38.2 41.2 
36.8 38.5 41.2 39.1 104.6 42.2 97.6 39.0 
42.4 37.4 104.7 37.3 36.2 105.0 102.8 104.5 
38.3 39.6 99.7 41.9 105.7 36.6 104.8 39.0 
99.7 42.3 37.9 105.5 41.7 41.4 106.5 39.4 
39.5 39.9 97.9 101.6 40.2 36.7 105.0 42.9 
40.0 36.5 103.3 40.8 38.4 40.3 40.2 41.4 
97.2 37.0 100.2 107.3 96.9 38.5 42.7 106.4 
99.8 39.6 40.8 102.5 42.3 106.4 36.4 36.6 
41.3 105.8 37.7 38.5 109.3 41.8 37.2 37.7 
101.3 108.8 40.8 37.7 98.4 41.3 40.6 103.2 
107.4 39.3 98.9 107.4 36.3 102.9 37.8 38.2 
97.1 36.6 41.2 41.5 37.5 106.8 37.9 42.9 
42.1 36.8 39.1 99.7 42.3 38.4 108.7 101.4 
38.0 39.4 107.6 99.4 43.0 97.3 39.8 38.0 
36.6 100.3 36.9 106.9 40.1 100.7 100.1 107.2 
39.1 38.7 41.7 37.6 102.3 37.3 42.8 98.1 
37.5 102.2 101.4 39.7 42.6 107.0 40.5 42.5 
104.0 36.8 103.4 37.6 37.0 40.8 107.4 36.9 
108.8 106.1 97.6 36.1 40.9 41.2 98.5 108.1 
102.2 42.4 101.7 102.4 107.2 37.0 105.6 39.6 
38.9 38.0 104.5 102.7 101.7 36.8 39.0 39.9 
40.8 102.0 105.6 107.9 38.4 97.9 37.5 42.1 
108.2 41.4 99.7 37.2 109.0 36.6 40.7 103.7 
42.4 100.5 39.0 36.2 100.2 103.0 37.2 97.3 
39.3 40.1 36.1 41.9 41.2 101.8 37.2 38.7 
39.7 40.2 37.7 105.2 42.7 99.3 106.1 104.3 
40.7 37.5 42.7 37.7 37.5 107.7 39.1 37.7 
149.7 36.2 36.3 38.0 36.2 100.1 41.6 107.8 
42.4 105.2 97.3 97.7 103.9 101.9 37.8 97.2 
37.6 37.2 41.2 106.4 105.8 37.4 98.4 100.7 
104.5 105.2 106.7 41.9 37.4 41.4 39.5 105.6 
37.4 41.7 104.0 38.9 38.0 43.0 108.9 107.6 
40.4 102.3 36.6 41.2 100.1 39.4 42.1 37.6 
96.8 39.9 100.9 103.5 41.8 41.1 37.1 37.8 
37.0 37.1 38.2 37.3 98.5 40.6 100.4 98.6 
42.7 106.6 101.1 97.6 36.7 36.3 100.7 96.8 
97.8 42.6 104.3 99.8 36.8 107.8 99.4 108.0 
36.1 41.8 41.0 40.8 98.8 101.9 41.8 108.1 
37.9 37.0 37.3 103.1 98.7 42.1 36.9 38.7 
39.2 37.7 36.2 39.5 106.1 105.7 107.6 99.9 
39.4 97.3 98.2 106.5 36.5 36.5 41.2 36.1 
36.0 101.0 38.8 99.3 104.2 40.1 41.3 103.2 
105.2 41.8 42.4 36.0 103.3 42.4 105.7 42.7 
104.1 42.7 37.3 37.7 37.4 38.9 98.1 99.3 
99.5 98.5 42.3 41.9 42.2 100.4 36.5 41.5 
37.7 36.4 39.8 37.5 102.4 36.2 38.1 102.5 
37.9 40.0 37.0 38.2 99.0 107.7 37.9 102.0 
39.9 37.6 107.6 105.2 42.8 102.1 36.6 106.9 
41.9 40.5 101.9 36.2 101.9 37.7 101.6 38.9 
107.7 100.8 99.4 37.1 105.1 97.9 104.1 37.6 
100.2 -93.1 37.1 36.6 103.2 40.9 98.4 40.1 
37.4 37.3 36.3 98.0 40.4 101.9 38.4 42.9 
103.8 40.5 37.1 37.7 107.8 36.0 42.6 102.9 
107.4 39.6 36.8 36.3 41.4 108.5 41.7 103.2 
39.2 37.3 40.4 100.6 40.7 108.6 41.7 37.3 
36.6 37.2 38.0 40.1 102.3 106.6 108.6 38.3 
96.8 104.8 41.6 103.8 101.8 39.9 105.3 101.3 
100.4 36.6 37.0 97.3 98.4 38.4 37.9 41.3 
40.0 107.6 41.6 37.3 36.1 105.7 100.9 39.7 
106.6 39.6 107.1 40.3 39.9 39.3 36.3 40.7 
38.3 104.4 42.7 107.6 36.8 105.7 36.8 101.3 
41.8 105.0 42.5 37.1 37.7 37.9 105.4 43.0 
42.8 38.6 36.7 42.5 36.8 109.4 97.7 105.0 
41.0 38.9 41.4 41.2 98.2 41.0 41.6 42.5 
97.3 98.5 42.6 41.4 107.6 107.2 37.6 37.5 
37.6 41.1 104.1 105.5 107.0 38.8 42.9 108.1 
36.4 37.3 40.3 104.7 43.0 97.2 40.5 39.9 
101.3 103.2 36.8 40.8 37.3 103.5 109.0 100.4 
98.0 41.9 36.6 40.8 38.5 40.2 107.0 105.0 
36.8 107.9 101.1 103.9 40.9 107.0 105.2 37.2 
37.7 106.8 38.8 42.9 100.9 37.3 99.0 96.9 
34.5 40.5 101.7 39.5 40.5 36.7 109.0 42.0 
105.2 36.8 115.4 40.3 99.3 37.3 108.3 37.7 
38.3 99.8 41.1 108.2 42.8 101.1 105.1 38.5 
102.0 42.3 36.2 36.9 100.6 42.4 37.2 36.1 
109.4 38.2 37.3 96.8 102.3 101.2 39.1 39.0 
41.8 41.0 105.2 42.1 41.0 37.9 38.4 105.3 
104.0 38.5 104.5 36.1 39.8 38.9 41.4 39.3 
108.9 40.4 36.8 100.9 40.9 104.5 38.2 108.6 
42.6 41.7 42.8 43.0 39.4 97.5 40.1 107.5 
40.3 41.1 37.5 40.6 36.3 39.5 107.0 38.7 
39.6 37.6 37.8 -185.2 36.3 105.2 103.7 39.1 
96.8 39.5 109.0 40.9 41.4 38.7 41.7 105.5 
42.2 104.6 40.4 102.8 98.2 106.8 38.0 40.2 
96.9 39.6 104.7 40.6 106.9 97.7 40.3 99.7 
41.8 40.8 37.0 37.9 38.8 41.7 42.6 107.6 
38.2 40.4 104.2 99.8 37.4 100.6 41.4 36.1 
40.3 104.4 105.4 97.4 41.1 38.0 106.7 41.8 
39.5 42.7 37.9 36.6 108.4 99.7 37.4 38.2 
36.2 38.1 98.4 40.6 37.1 108.9 40.6 106.2 
103.1 38.4 104.1 101.9 40.3 40.2 38.8 37.3 
40.9 39.3 42.7 39.9 40.5 38.9 108.2 103.8 
37.4 97.0 105.5 40.6 102.1 37.6 104.8 39.0 
38.4 38.1 97.3 40.7 42.2 104.3 36.9 97.5 
98.7 101.6 37.2 38.3 42.4 104.8 106.9 102.2 
39.0 104.5 41.0 43.0 40.9 39.7 42.0 99.9 
42.6 107.3 40.4 38.7 43.0 38.5 98.4 100.3 
101.2 97.1 109.3 41.6 42.6 38.3 36.1 37.3 
97.2 107.8 39.4 -161.9 36.1 36.9 41.1 37.0 
37.9 99.7 37.3 107.4 36.6 36.2 99.1 41.1 
99.7 98.3 39.6 37.3 106.0 104.2 108.7 98.6 
41.1 36.8 105.8 43.0 104.6 36.6 40.6 97.6 
108.2 106.8 38.4 100.2 37.1 42.9 40.8 42.7 
36.6 101.6 104.9 97.9 107.0 38.3 103.8 107.5 
41.4 98.6 106.6 36.2 108.9 108.6 40.2 40.2 
104.3 38.6 103.1 40.3 40.6 104.4 40.7 109.2 
40.9 102.2 37.3 107.0 43.0 101.4 42.2 41.3 
41.9 39.7 40.9 36.2 105.9 38.4 42.2 36.6 
37.1 100.7 99.7 104.1 96.9 108.3 40.1 37.1 
42.4 39.2 41.1 37.3 39.9 41.2 38.8 101.9 
106.5 102.2 106.1 104.3 105.6 41.1 37.3 107.7 
39.1 37.1 39.3 39.2 37.4 98.6 37.7 108.8 
39.6 101.3 37.8 99.0 40.7 97.1 38.8 43.0 
99.5 108.1 102.6 40.6 102.7 105.2 97.0 100.1 
38.5 38.6 40.1 41.6 108.5 39.8 40.4 40.1 
105.9 39.2 41.2 42.2 106.7 37.1 38.7 106.2 
40.5 40.7 40.6 97.4 100.2 38.7 38.5 106.0 
36.9 98.3 100.5 41.1 42.3 39.6 41.9 103.1 
99.7 37.3 42.6 40.6 107.3 102.2 109.3 38.3 
103.2 98.7 39.0 36.5 40.2 109.4 42.7 41.4 
37.7 40.6 40.1 42.1 42.0 39.5 41.2 38.8 
42.9 37.3 38.1 39.5 43.0 101.9 97.3 100.2 
37.3 42.6 40.2 107.3 36.2 39.3 39.9 36.1 
106.9 39.2 97.4 40.8 108.4 38.7 37.2 39.3 
97.3 108.6 101.8 104.8 101.4 106.4 22.9 41.0 
41.9 40.5 41.4 36.1 39.5 41.7 108.8 100.0 
104.0 41.6 39.5 36.2 40.7 37.4 38.2 42.4 
41.0 36.8 39.6 38.2 102.5 105.9 36.8 39.5 
41.6 37.1 106.3 39.2 101.7 42.7 40.5 105.8 
42.8 36.9 42.7 40.0 97.9 105.1 106.6 37.6 
38.1 41.5 37.6 38.5 40.2 39.5 39.0 106.8 
104.9 39.6 41.2 103.2 36.3 39.0 39.9 41.5 
36.5 41.1 37.2 104.0 106.8 106.0 39.8 42.1 
39.5 37.7 98.9 106.7 36.3 36.1 97.4 39.6 
40.7 106.1 38.5 42.6 -47.5 37.9 103.7 36.4 
98.8 99.2 99.0 103.3 100.8 106.6 104.7 -35.0 
38.8 40.2 37.7 39.3 105.0 98.3 40.0 37.7 
37.6 109.2 102.5 104.1 38.1 108.5 104.0 39.6 
106.2 98.2 36.5 102.4 107.2 38.8 102.3 108.8 
105.3 40.1 38.3 38.6 36.8 41.1 39.4 42.0 
104.8 107.2 38.6 40.3 107.1 100.4 101.5 40.9 
38.5 41.2 38.9 39.2 42.9 42.9 36.6 -72.3 
38.1 39.9 41.3 42.7 41.3 103.2 41.1 42.8 
38.5 40.3 97.7 36.0 101.3 40.5 105.8 42.1 
98.4 39.4 40.7 39.9 36.9 97.0 101.3 41.2 
98.4 40.5 104.1 38.0 38.6 36.6 41.1 41.8 
41.4 41.9 99.3 41.6 40.6 36.1 109.2 37.5 
39.2 42.2 38.5 102.8 38.7 99.4 103.6 43.0 
42.9 37.8 102.8 41.3 39.3 104.5 97.6 98.8 
37.0 38.3 98.1 37.0 105.4 109.1 100.2 37.0 
36.9 102.9 42.4 42.7 37.8 37.2 37.2 99.3 
40.5 106.2 36.1 41.9 40.7 104.9 37.1 97.5 
41.5 98.8 98.9 107.4 39.9 38.5 39.3 41.8 
108.4 102.2 41.1 41.9 39.3 -179.7 42.6 40.1 
41.0 39.0 100.9 105.6 37.5 36.7 36.3 40.0 
42.8 40.2 40.8 37.4 39.7 38.7 36.0 40.6 
37.7 106.7 98.0 39.7 37.9 105.0 41.8 97.8 
105.0 98.9 41.2 39.1 40.3 41.6 102.1 108.3 
42.9 102.9 97.0 36.3 37.4 41.9 103.3 42.4 
104.7 42.1 103.2 109.1 104.3 99.4 39.2 101.7 
38.9 108.2 97.5 40.2 101.5 40.4 42.4 39.2 
39.0 41.2 37.0 102.2 108.6 40.2 36.7 40.6 
36.0 109.2 37.9 37.5 40.6 41.0 99.8 39.8 
39.9 37.3 37.3 107.4 39.3 37.9 38.7 37.8 
99.0 38.0 39.8 105.1 42.7 36.5 108.5 98.1 
37.1 105.5 105.6 43.0 37.0 101.0 109.3 42.8 
108.0 41.3 103.3 103.8 43.0 37.1 36.9 37.7 
105.9 37.4 86.3 99.2 39.7 36.3 37.8 38.1 
41.1 36.5 39.5 104.6 38.9 40.4 43.0 39.0 
37.1 37.6 38.0 41.8 41.6 42.7 103.9 108.3 
38.9 107.9 38.2 36.3 38.4 42.2 41.3 101.7 
41.6 105.1 100.5 40.5 41.6 42.0 36.4 103.9 
104.3 41.8 38.7 39.7 100.6 103.1 38.6 40.8 
-13.8 37.9 102.9 40.3 37.3 109.4 102.0 105.6 
105.8 36.5 98.1 106.1 36.5 40.2 39.4 38.1 
38.5 42.1 104.6 37.2 42.4 36.4 41.7 36.0 
42.4 100.1 37.4 101.3 104.1 37.3 41.0 40.0 
109.0 38.4 40.6 106.2 103.9 38.6 36.6 39.7 
38.4 105.4 38.4 39.0 103.8 40.5 37.4 38.2 
39.9 101.1 109.2 36.6 39.6 42.5 37.5 41.6 
108.1 99.0 41.4 37.7 42.8 40.9 40.5 36.0 
108.4 98.1 105.9 36.1 99.7 41.0 40.2 36.5 
107.7 115.1 104.7 41.7 41.2 102.6 101.4 -62.8 
40.9 40.0 37.2 99.0 42.9 42.7 42.4 37.2 
105.4 41.6 106.0 37.6 38.8 37.7 39.3 40.8 
98.0 107.4 98.1 38.5 36.2 102.2 41.0 42.5 
101.7 42.9 42.6 105.0 104.4 38.1 107.3 37.3 
41.0 106.8 104.8 98.6 103.4 39.6 37.4 97.4 
38.6 38.2 40.9 97.0 101.2 42.5 37.8 102.6 
97.1 36.7 40.8 101.7 37.3 98.7 38.7 39.1 
41.9 105.0 38.9 41.3 103.3 109.3 97.5 39.0 
103.1 41.4 96.8 37.7 97.4 37.8 39.8 39.4 
101.6 105.3 108.2 107.2 38.5 39.1 36.8 37.4 
102.0 40.1 42.3 40.4 39.3 103.5 37.8 40.7 
38.4 42.8 36.0 99.4 103.1 37.6 97.5 101.7 
39.2 43.0 38.8 38.4 38.2 39.5 39.1 41.7 
109.1 41.1 102.4 101.5 42.9 39.1 103.6 98.9 
98.2 100.8 42.9 40.2 43.0 39.6 37.0 105.1 
39.7 36.8 42.3 100.7 103.5 38.3 107.3 40.6 
42.4 42.8 41.9 106.7 96.9 98.6 41.8 99.3 
37.8 97.4 36.2 41.3 36.8 41.0 36.9 106.6 
108.5 41.3 102.9 37.5 37.1 39.8 103.9 39.3 
36.1 39.3 37.1 38.0 104.9 38.4 36.9 37.8 
39.0 101.2 102.7 102.5 38.9 38.3 108.9 36.2 
36.6 -103.5 38.7 40.5 38.1 87.3 42.1 40.0 
97.4 98.5 37.3 36.4 36.1 40.8 37.0 108.0 
40.9 99.8 38.8 41.5 38.5 37.8 37.8 97.4 
38.2 98.2 39.1 106.7 107.7 38.6 42.8 36.1 
42.2 36.2 109.2 42.7 38.3 40.8 42.3 106.0 
41.0 107.9 36.9 100.4 104.1 100.7 42.7 96.9 
40.3 42.3 43.0 36.3 108.5 41.7 106.3 41.4 
105.3 39.8 40.9 99.2 40.7 101.9 42.7 39.9 
105.5 39.7 109.3 100.8 38.2 38.9 102.6 42.2 
98.8 97.3 36.5 103.4 104.3 39.6 41.9 100.5 
41.9 42.0 104.2 101.6 36.9 107.8 40.0 101.2 
100.7 103.6 109.3 41.0 107.9 38.0 41.1 99.3 
100.3 39.4 101.3 37.5 37.0 102.6 106.2 41.1 
42.0 36.6 98.3 98.7 41.7 99.0 105.9 105.8 
40.0 106.5 105.5 36.2 41.4 107.8 36.6 36.9 
100.4 36.7 42.0 38.5 38.5 108.9 108.3 42.1 
102.8 98.1 107.1 12.6 39.8 104.4 40.6 105.3 
41.8 99.7 42.5 108.5 38.7 38.3 104.6 37.9 
104.0 38.7 37.4 42.0 42.0 98.5 42.7 39.8 
108.9 99.7 103.2 38.7 109.3 39.3 41.3 108.1 
40.3 38.1 40.0 97.8 42.8 36.1 39.9 100.0 
97.7 42.6 39.0 27.2 103.2 42.4 40.6 42.8 
39.0 38.8 36.4 39.2 38.5 109.4 -193.3 100.3 
101.3 37.1 38.0 100.5 97.2 107.1 37.0 39.4 
36.4 101.3 43.0 37.1 97.6 106.2 106.8 40.2 
104.7 97.3 42.0 102.3 96.9 101.3 40.7 40.6 
97.9 102.7 39.5 107.9 42.2 38.9 97.1 36.9 
108.7 108.5 98.6 38.5 38.3 108.0 36.4 39.8 
105.5 42.8 101.2 40.0 100.3 41.8 38.4 38.3 
38.8 97.7 40.9 106.3 102.1 41.0 100.7 98.3 
103.0 102.6 101.2 37.5 41.7 39.4 36.0 37.6 
37.5 40.4 106.2 36.8 38.8 41.4 37.8 40.1 
41.5 39.4 36.3 38.9 106.9 36.1 102.4 36.7 
100.2 111.9 41.9 39.8 39.4 104.4 97.0 36.2 
37.0 38.7 109.0 101.1 42.7 101.8 42.8 39.3 
38.6 37.4 98.6 98.0 36.6 38.6 41.3 102.9 
36.9 42.8 98.3 97.2 42.1 107.2 38.8 37.2 
40.4 42.2 106.8 42.3 100.5 99.2 37.4 38.6 
39.3 38.6 102.6 39.1 106.8 37.3 105.9 36.5 
42.6 105.6 98.4 42.0 42.9 42.6 103.6 42.7 
101.4 39.6 101.3 36.9 108.0 108.1 41.9 40.3 
99.3 41.1 100.8 108.4 107.4 105.2 103.2 109.2 
42.0 107.5 98.5 37.6 42.2 102.1 40.2 101.5 
99.4 104.1 41.8 37.7 40.8 97.6 39.0 41.6 
97.1 107.9 99.8 37.3 102.2 40.2 108.0 41.4 
104.8 42.3 104.2 96.9 39.7 105.0 40.2 106.9 
38.0 43.0 42.6 106.8 39.4 39.2 107.9 37.6 
37.1 37.8 109.1 41.4 39.0 36.7 39.8 37.0 
39.4 101.3 105.8 106.8 104.2 41.5 107.9 42.8 
40.9 98.0 103.4 103.6 42.2 101.9 42.1 39.3 
36.0 40.2 42.7 103.8 39.4 40.4 102.2 103.6 
39.1 40.4 40.1 41.9 42.0 108.8 104.5 38.6 
100.8 101.3 40.4 39.9 38.2 36.5 40.9 42.3 
36.7 37.4 104.9 40.7 41.7 100.9 106.1 39.9 
42.1 105.3 37.3 97.6 37.5 40.5 42.7 98.4 
104.6 40.4 36.4 36.1 41.9 39.5 99.5 41.3 
41.3 39.3 98.2 103.3 99.9 97.4 40.4 36.7 
36.9 104.9 41.2 99.6 106.0 104.4 37.4 103.0 
104.8 99.4 41.4 42.0 100.7 38.7 37.3 42.5 
41.1 104.7 107.4 107.7 37.5 37.8 108.8 100.0 
36.1 40.5 106.1 37.6 40.9 36.1 36.9 42.0 
97.3 38.3 99.8 36.8 41.4 36.4 40.6 37.5 
98.3 36.1 100.6 42.5 105.6 98.7 37.5 39.7 
42.8 42.1 38.1 39.6 39.4 99.3 100.1 98.4 
41.7 105.6 101.0 39.5 104.3 36.7 42.5 107.0 
42.6 103.3 101.2 41.1 103.6 99.2 38.4 40.0 
42.7 42.6 36.9 40.3 40.7 37.0 36.1 106.4 
39.6 37.7 97.7 38.6 38.2 36.7 42.9 40.0 
37.9 -160.4 106.2 37.3 41.9 98.0 104.2 39.0 
98.5 43.0 101.9 38.3 39.9 138.8 42.7 41.8 
97.2 100.2 108.9 41.8 38.5 39.0 36.1 36.8 
97.6 38.5 109.4 104.0 38.9 106.8 37.6 107.1 
98.6 102.9 97.5 102.2 104.2 73.4 107.0 40.2 
38.3 41.6 42.5 105.3 171.2 39.6 101.4 37.7 
37.1 41.2 37.8 106.6 37.4 97.1 39.9 105.8 
103.4 37.1 42.5 39.5 103.3 36.9 41.2 42.7 
107.8 36.5 37.7 42.9 105.2 105.3 106.3 42.8 
98.3 106.5 109.1 103.4 39.1 102.2 37.0 103.1 
100.6 36.1 108.6 40.0 39.6 41.0 43.0 78.4 
97.5 40.8 97.2 42.2 40.1 40.7 37.6 40.4 
105.8 102.7 42.9 42.3 97.6 41.4 37.9 41.6 
39.2 104.1 39.2 99.3 38.8 105.5 41.9 105.4 
42.8 38.4 41.0 105.4 38.8 41.4 36.4 39.6 
97.7 42.7 37.1 41.5 107.3 98.2 99.6 36.6 
41.1 -199.8 105.7 42.0 41.4 36.6 41.7 107.5 
41.3 37.6 36.8 104.2 41.9 38.9 97.9 98.9 
100.8 42.1 108.0 105.0 106.7 37.9 101.0 36.6 
36.5 40.7 97.9 36.6 39.6 38.7 99.7 108.6 
108.4 39.4 36.4 101.3 42.7 -178.2 36.6 36.4 
99.2 41.9 105.5 40.4 38.8 100.9 98.4 40.3 
109.3 108.8 98.8 42.4 97.6 98.7 40.1 100.5 
36.8 39.1 107.5 40.6 36.9 36.6 99.2 42.5 
37.8 36.7 37.4 36.0 108.7 39.1 101.4 41.6 
36.8 42.2 42.9 40.5 42.3 42.6 97.7 41.7 
37.7 101.5 98.3 97.9 97.2 101.1 42.9 106.3 
36.0 42.6 37.4 105.9 98.5 42.7 41.2 42.8 
101.7 101.4 107.0 96.9 96.9 98.5 100.9 38.1 
106.9 107.1 40.2 38.3 40.0 38.9 100.6 107.9 
37.1 102.3 37.9 39.8 36.4 41.3 38.6 106.3 
41.2 43.0 38.9 107.8 105.3 104.2 36.0 40.1 
40.5 38.8 37.2 107.3 98.9 36.5 106.5 102.5 
37.0 99.3 107.7 41.0 37.6 37.1 36.4 98.3 
100.3 38.4 97.0 36.4 109.4 40.5 40.3 41.3 
41.0 98.7 96.8 42.0 42.7 41.3 106.6 104.9 
42.9 37.3 38.1 38.1 36.5 41.2 38.1 104.9 
104.4 109.3 38.1 40.0 39.0 36.6 106.9 107.6 
36.3 100.2 101.6 99.0 106.6 42.2 40.8 96.9 
42.5 36.6 42.3 41.5 103.8 41.1 105.7 38.8 
100.9 103.9 38.7 40.8 40.0 37.6 38.4 38.8 
105.6 41.3 103.7 106.6 37.1 36.6 37.0 105.0 
41.5 39.8 101.3 108.0 37.4 39.5 36.1 108.6 
39.1 99.4 40.7 101.4 105.8 38.4 39.9 98.0 
103.1 39.9 99.1 41.1 107.3 38.9 98.5 42.5 
99.7 102.1 42.0 40.8 97.9 39.2 105.1 103.3 
39.6 41.9 106.7 37.4 41.0 36.2 40.9 102.2 
106.7 109.4 99.3 105.0 99.6 38.9 40.0 39.8 
41.9 107.8 104.7 40.0 105.0 40.4 38.3 41.9 
36.9 39.5 109.2 105.7 43.0 40.6 41.6 40.3 
41.0 101.3 98.4 108.2 39.2 39.2 100.5 39.1 
38.2 106.6 36.1 100.4 41.5 104.8 42.0 39.2 
41.7 37.4 41.4 41.7 104.4 98.1 40.2 105.3 
37.9 108.2 103.9 38.4 101.9 36.9 39.2 107.5 
37.8 103.5 38.6 99.7 41.1 104.4 38.1 38.8 
41.7 41.6 99.4 41.3 98.9 41.9 99.3 106.6 
42.9 102.2 102.0 40.2 39.3 106.8 37.5 41.7 
40.2 36.1 101.6 41.1 104.6 39.5 105.1 108.9 
41.8 37.0 38.4 40.2 40.3 108.2 40.2 36.8 
108.5 40.0 42.2 105.3 41.1 39.6 108.8 101.0 
104.8 42.2 36.9 101.6 36.0 42.3 40.4 36.9 
36.6 37.2 39.4 102.2 42.9 107.1 39.8 41.9 
42.3 99.3 36.7 40.9 39.2 43.0 107.4 100.4 
39.2 97.7 41.1 40.6 103.6 41.1 36.3 104.8 
38.7 36.9 41.6 42.8 104.1 37.9 41.6 39.1 
39.6 42.6 42.6 99.5 37.7 38.9 36.0 105.8 
42.7 36.2 104.2 37.4 42.2 103.8 39.8 41.9 
97.3 38.8 43.0 41.1 105.1 36.7 41.7 36.9 
41.3 42.5 38.6 104.7 36.0 39.7 42.1 38.0 
37.7 36.5 38.9 39.8 39.5 42.0 41.9 108.7 
104.9 42.7 101.2 104.5 36.9 40.1 102.1 40.3 
42.1 38.3 107.1 104.2 41.7 36.8 41.8 99.1 
99.8 106.9 40.4 106.6 101.7 40.1 108.5 38.2 
101.4 39.5 38.1 99.0 102.9 101.0 43.0 37.9 
39.0 108.4 36.9 38.1 97.8 104.7 40.7 39.9 
38.1 99.3 107.0 104.0 42.6 36.4 104.4 39.0 
108.7 39.6 100.4 42.6 103.6 109.0 99.4 40.1 
37.4 38.0 39.9 97.6 96.8 38.4 40.0 104.8 
41.1 39.8 39.5 108.3 41.2 105.1 99.2 41.2 
36.7 37.3 38.3 108.2 37.2 106.2 40.4 107.4 
37.2 38.7 42.5 105.0 99.8 42.9 36.7 37.1 
36.3 38.9 40.9 41.2 101.4 102.3 39.9 109.3 
41.6 40.4 105.4 98.6 38.5 42.3 38.7 98.5 
38.8 100.7 40.8 40.1 102.2 42.1 36.3 101.0 
104.3 37.8 101.9 98.2 97.6 39.2 42.1 98.7 
39.1 104.7 106.5 37.9 106.7 109.1 42.8 41.5 
107.7 38.8 41.4 99.8 38.5 104.9 36.1 100.0 
98.3 40.2 41.1 38.4 38.5 104.5 37.4 38.6 
42.9 38.4 40.0 37.7 39.3 41.5 100.4 98.8 
42.5 37.3 42.7 102.0 38.3 37.0 42.8 40.3 
39.3 99.6 102.6 102.8 37.4 40.3 36.4 99.6 
39.7 97.3 42.9 105.4 146.9 37.7 42.4 106.7 
42.1 102.0 37.3 39.6 104.4 104.4 42.9 109.3 
102.2 39.7 108.2 38.5 42.7 101.0 36.6 102.3 
38.5 39.3 42.0 106.2 101.6 42.2 107.2 40.1 
37.2 100.0 105.8 40.6 42.3 40.6 108.2 43.0 
39.4 39.1 41.9 101.8 105.0 100.8 103.5 39.6 
99.6 99.4 98.6 36.3 38.9 39.2 38.0 104.0 
38.2 38.3 39.1 106.9 38.9 103.4 39.9 39.9 
39.6 39.4 42.3 37.4 41.1 -144.0 42.3 41.9 
42.7 38.0 41.3 36.1 41.7 36.0 106.9 109.3 
36.6 96.9 42.3 106.0 40.3 107.2 107.0 39.2 
108.4 36.9 37.6 99.9 42.8 36.8 37.9 107.3 
97.5 37.1 97.7 105.4 101.3 101.1 39.4 42.5 
39.6 39.1 40.6 -127.1 36.5 39.9 40.2 39.1 
106.7 108.1 103.2 105.2 102.3 108.2 102.1 37.5 
42.9 37.7 41.7 40.9 101.9 107.1 103.3 38.1 
102.3 43.0 36.5 36.2 108.0 38.4 37.4 39.1 
42.9 37.3 103.6 104.8 100.6 105.6 42.6 100.9 
38.6 99.2 36.6 36.9 98.9 41.9 98.7 42.4 
42.3 41.4 40.0 36.8 41.1 100.1 101.0 100.6 
41.2 37.5 38.1 106.9 99.3 41.7 37.1 41.7 
106.1 38.7 108.1 105.7 39.2 40.9 105.1 102.6 
36.2 102.6 106.3 154.5 104.3 39.3 37.7 104.9 
40.6 40.2 97.2 105.3 37.1 97.4 99.9 40.9 
36.3 98.8 39.6 41.3 98.0 41.9 39.5 39.1 
103.4 102.5 40.3 41.4 103.3 101.7 39.4 42.8 
97.5 107.9 109.4 42.5 108.5 39.4 39.6 100.4 
105.6 99.6 38.1 39.7 42.4 100.9 39.1 97.7 
36.8 103.5 39.6 42.8 39.0 104.5 42.5 41.5 
38.8 38.3 41.5 100.6 38.9 37.6 41.4 39.0 
107.3 105.9 36.9 36.2 97.7 107.0 36.0 38.2 
41.2 40.1 43.0 98.7 38.3 38.4 100.0 41.4 
37.1 103.2 37.5 109.4 40.0 108.4 99.1 98.7 
38.1 42.7 39.5 108.3 40.8 98.0 40.1 107.0 
102.5 37.7 100.6 41.8 38.3 42.1 38.2 42.5 
107.6 38.1 101.9 108.9 36.4 36.0 42.7 106.0 
39.7 97.4 39.7 40.0 36.3 38.4 41.3 107.2 
99.0 40.8 37.3 41.6 107.5 38.9 37.2 39.4 
107.3 36.9 103.9 36.7 41.8 103.9 37.1 103.8 
39.9 37.5 37.9 97.7 39.1 41.5 107.9 39.9 
39.6 106.9 97.6 36.7 99.1 99.9 98.2 42.7 
36.1 106.3 106.0 41.1 106.4 40.6 108.3 38.6 
38.5 40.7 41.7 39.7 41.8 37.4 36.1 99.6 
42.2 107.5 40.8 106.6 101.4 106.5 40.3 37.6 
42.8 38.7 102.0 98.5 108.9 38.1 40.6 39.9 
105.4 41.2 42.9 38.9 36.8 40.2 42.3 36.4 
40.9 38.0 105.4 42.1 109.1 40.6 108.9 100.8 
107.5 106.1 108.3 41.6 97.1 104.7 97.0 41.8 
75.2 39.2 38.3 98.6 102.7 109.2 38.0 101.2 
141.8 37.6 97.2 108.1 104.2 103.6 38.7 106.4 
103.3 39.3 40.8 42.3 107.3 41.6 38.9 40.5 
38.3 38.1 41.1 36.1 103.8 102.3 37.7 102.4 
103.5 40.9 42.8 103.6 96.8 100.3 38.5 37.9 
37.2 38.4 41.2 42.6 41.9 40.0 107.5 105.8 
40.4 100.1 36.0 100.7 36.9 38.2 104.6 42.6 
108.2 42.2 107.8 109.2 36.2 42.1 40.4 38.3 
98.2 106.2 41.0 40.6 40.0 41.2 42.0 106.5 
37.5 40.2 -141.6 36.6 40.9 37.5 101.1 41.5 
39.6 40.3 42.7 39.2 37.1 40.6 109.1 108.2 
42.0 104.1 96.8 42.5 37.3 101.0 39.2 41.8 
37.4 39.6 40.8 97.4 36.8 37.5 39.0 106.6 
37.6 40.1 39.9 40.2 98.6 38.2 42.1 40.2 
41.0 43.0 40.0 36.0 38.3 107.0 104.3 41.0 
39.4 36.0 105.7 38.3 -124.1 39.1 108.6 96.9 
41.0 99.7 37.0 98.9 38.0 39.4 38.0 37.5 
38.9 109.4 40.3 41.8 100.9 37.5 106.4 37.8 
38.7 41.2 107.3 97.5 101.7 107.2 39.0 96.9 
100.7 36.1 38.7 37.7 97.6 41.8 43.0 105.1 
100.7 101.8 43.0 100.5 104.2 38.3 39.1 36.4 
40.8 39.5 37.5 98.9 37.1 107.8 40.5 102.4 
106.7 38.2 41.9 98.4 39.1 39.2 97.5 42.9 
41.8 37.5 42.5 37.8 38.1 97.8 37.2 42.9 
41.3 42.1 38.7 108.2 109.4 37.7 39.9 41.3 
39.1 102.3 102.3 37.8 37.9 42.9 36.5 41.9 
41.8 98.7 106.0 36.7 108.0 41.3 105.8 108.8 
41.8 105.6 97.4 41.0 37.9 39.0 106.1 106.6 
37.6 105.5 103.4 37.5 38.6 41.6 36.8 39.2 
40.6 101.6 41.4 104.1 39.1 100.4 105.6 40.8 
36.5 39.8 38.7 107.4 99.9 99.0 41.6 109.2 
101.8 41.8 37.4 40.3 101.5 38.9 38.2 40.0 
109.2 103.3 107.3 98.3 105.6 39.0 38.0 37.2 
97.7 37.0 97.2 102.0 109.4 42.2 108.3 43.0 
41.9 38.1 104.5 37.4 36.7 37.0 38.1 37.6 
39.1 42.0 36.9 97.7 107.6 40.5 101.6 100.6 
103.2 37.7 39.0 98.6 100.8 39.3 42.6 36.6 
37.0 37.0 108.3 36.7 105.1 40.3 42.3 105.1 
106.9 42.6 39.0 41.9 37.8 41.2 38.8 41.7 
107.7 108.1 36.6 104.6 100.4 85.1 105.6 38.6 
38.6 97.5 102.0 40.1 106.3 108.1 97.7 101.8 
99.3 39.9 105.9 98.5 105.5 37.7 41.2 102.8 
43.0 106.7 108.5 36.7 101.6 97.2 39.7 38.3 
38.1 36.5 98.5 40.8 40.2 105.3 39.5 102.0 
39.4 104.4 39.1 106.5 37.8 38.5 42.5 37.1 
42.6 39.0 39.3 41.6 40.6 107.0 42.2 104.5 
104.8 42.5 36.4 103.9 42.8 42.0 97.1 99.6 
101.1 98.4 37.2 39.9 104.7 106.0 109.4 38.7 
102.7 105.7 36.8 39.0 38.0 99.3 103.4 98.5 
41.1 41.4 37.4 103.4 107.5 106.6 38.5 42.6 
38.8 104.9 38.4 42.4 102.7 99.4 108.5 108.1 
102.3 37.3 97.7 38.2 37.2 41.0 101.2 99.8 
43.0 42.4 37.0 39.0 36.6 37.9 40.9 38.1 
97.2 37.5 101.7 37.9 38.0 36.8 41.0 37.1 
109.3 104.9 39.9 102.0 97.8 42.2 40.3 42.6 
37.6 36.5 40.5 37.8 40.5 39.4 38.0 38.2 
109.1 100.2 40.4 37.2 41.4 40.5 36.1 42.3 
103.4 103.9 105.2 40.9 104.9 42.6 40.7 39.0 
40.4 40.1 38.6 41.7 100.1 40.4 97.9 106.3 
41.8 98.3 36.5 37.8 43.0 36.1 97.9 39.8 
36.2 102.3 107.9 98.4 96.9 108.2 42.1 39.8 
106.5 107.9 36.8 109.0 103.8 103.6 40.3 43.0 
40.3 42.9 101.9 36.7 42.3 106.6 37.6 38.2 
2.2 42.3 38.3 37.6 38.2 101.7 42.9 37.6 
41.9 101.7 101.6 37.2 109.3 42.9 107.1 37.3 
108.3 101.8 36.1 38.1 39.9 100.8 41.0 36.9 
97.6 40.7 39.6 38.0 107.5 102.9 37.2 107.9 
40.6 42.4 42.8 104.8 38.1 42.7 41.7 38.3 
101.7 106.9 96.8 103.3 38.3 103.7 101.2 97.7 
104.9 104.3 37.7 42.7 37.8 98.8 39.7 41.6 
101.8 107.2 41.9 43.0 42.9 36.9 39.5 36.2 
38.1 105.9 36.1 40.2 42.5 38.4 36.3 100.9 
109.0 100.2 106.2 42.6 40.7 36.7 41.7 36.0 
103.9 36.9 43.0 97.7 40.7 100.0 41.4 40.7 
36.0 39.3 37.3 38.0 41.5 101.0 100.9 38.9 
105.5 99.2 105.9 39.7 100.7 98.1 42.3 38.3 
37.4 41.6 42.6 42.1 107.0 42.0 36.7 106.9 
98.8 37.9 36.8 108.4 41.6 107.8 98.1 97.2 
37.8 40.5 102.9 42.2 99.1 36.4 38.5 103.2 
37.7 97.4 40.2 40.2 38.8 106.7 37.8 105.8 
102.0 97.0 42.7 36.1 42.9 105.2 40.4 40.3 
98.1 38.8 37.2 108.2 38.3 106.9 105.6 43.0 
102.0 40.2 103.0 41.5 42.0 42.4 103.4 41.2 
101.3 103.7 102.7 36.2 37.3 40.3 106.1 36.3 
104.1 97.8 102.6 37.4 105.9 106.0 108.9 38.3 
42.7 108.1 103.9 107.3 104.8 38.6 42.3 37.9 
41.1 39.2 102.5 98.6 41.0 41.7 100.0 42.0 
41.9 105.6 102.6 104.6 38.9 103.5 99.3 42.0 
36.8 108.0 38.5 100.0 36.1 37.5 100.0 39.9 
43.0 37.2 40.3 37.1 102.8 109.1 106.7 39.3 
103.1 40.5 41.5 39.9 98.3 36.2 105.6 42.9 
40.9 108.7 107.3 103.4 42.4 105.3 41.2 40.1 
109.0 36.8 97.9 100.6 40.1 105.7 40.8 42.2 
42.6 98.2 104.0 36.1 40.8 98.5 37.0 38.4 
107.4 40.6 104.5 39.3 97.7 102.6 102.6 99.6 
39.9 36.0 37.7 39.8 98.0 37.4 37.3 41.5 
36.1 41.7 99.8 102.9 98.3 106.5 101.4 104.1 
39.1 40.7 108.4 106.3 108.0 99.4 37.3 38.3 
41.4 101.6 36.4 41.9 41.6 40.6 42.0 102.8 
36.7 101.4 37.4 98.9 36.1 102.8 39.9 108.5 
101.4 37.3 100.5 101.6 39.0 40.8 39.1 102.1 
37.9 42.8 40.9 36.8 104.6 41.3 36.9 103.0 
97.1 37.7 38.6 100.3 99.3 102.6 36.5 36.1 
39.3 40.5 98.3 37.2 102.5 103.7 103.5 37.3 
42.8 41.5 105.9 108.5 100.7 36.6 36.7 38.3 
39.2 38.4 40.2 21.6 36.7 109.2 36.5 102.5 
108.7 38.5 38.8 103.0 39.9 109.4 40.5 40.7 
109.0 101.3 107.6 41.9 42.9 40.1 98.6 40.2 
37.8 36.1 103.3 104.2 37.7 109.0 42.1 104.8 
41.1 41.1 38.3 37.4 100.7 98.3 42.2 103.8 
105.7 39.4 37.5 106.6 39.4 38.1 108.0 41.7 
42.2 98.1 106.9 98.9 39.5 98.9 39.7 102.0 
41.6 39.7 97.3 40.0 109.1 38.0 41.1 39.9 
39.4 106.1 102.6 40.4 107.9 103.7 38.2 41.4 
39.5 38.5 36.0 36.0 36.3 37.8 106.7 98.3 
105.0 108.4 36.7 100.9 41.9 41.7 99.0 41.6 
39.2 101.4 100.6 106.9 98.5 98.2 101.2 101.6 
36.4 101.6 101.1 105.4 37.3 41.9 101.6 104.8 
37.3 98.7 38.7 97.8 42.0 39.2 106.5 40.5 
106.3 101.5 108.6 41.7 38.1 104.0 38.0 97.7 
40.3 36.4 40.9 105.1 38.2 38.6 41.9 36.2 
37.0 105.3 40.8 43.0 105.5 39.3 102.5 98.5 
38.7 105.6 40.0 102.8 101.1 42.2 36.2 96.9 
38.4 39.8 99.5 103.2 100.2 101.9 100.7 40.1 
96.9 98.8 108.4 38.6 104.0 37.5 106.9 105.1 
105.5 104.6 41.5 37.9 41.1 103.5 40.0 38.7 
99.0 36.8 36.8 104.6 102.2 37.9 36.9 36.8 
102.2 109.0 36.0 37.3 41.2 38.8 43.0 40.5 
100.1 40.8 98.6 102.1 41.2 101.4 38.2 99.6 
39.3 37.9 105.8 106.8 102.7 98.8 36.5 105.2 
41.8 38.2 39.8 100.9 102.7 38.1 40.1 36.2 
107.5 36.1 38.3 103.3 103.7 39.8 100.1 107.2 
98.7 39.9 42.3 42.2 106.0 41.6 106.7 108.9 
97.7 39.2 42.2 41.7 -157.3 39.7 37.2 40.2 
38.9 42.1 97.4 36.8 36.6 42.7 36.4 105.3 
36.6 41.2 40.4 41.3 100.8 38.6 38.2 107.9 
40.5 42.6 38.8 100.8 109.1 107.3 98.8 41.1 
103.0 98.6 40.5 105.7 36.7 36.4 40.4 37.7 
106.4 39.6 98.4 39.4 42.9 98.0 108.5 107.1 
40.0 37.3 40.7 36.4 99.7 97.1 41.2 37.3 
98.9 40.0 98.6 98.1 102.5 105.5 40.3 98.7 
104.3 36.4 38.3 99.5 40.5 104.3 40.9 104.3 
36.4 43.0 38.4 39.8 41.7 41.1 103.3 38.0 
41.1 39.5 107.0 41.1 96.9 41.2 37.9 100.4 
43.0 106.9 39.7 39.3 103.7 39.8 36.0 98.7 
41.8 37.7 38.8 99.6 38.8 36.7 97.3 97.7 
102.2 100.4 36.2 107.8 106.5 39.7 107.0 36.6 
38.5 39.3 101.0 99.6 103.7 106.7 42.9 39.9 
98.3 99.5 105.3 99.9 98.9 37.9 109.0 40.3 
107.0 37.8 109.3 98.4 105.8 36.7 40.8 101.0 
104.0 39.3 42.8 -6.4 37.6 100.4 109.0 40.5 
41.7 99.9 41.5 39.3 36.6 97.3 100.4 41.7 
108.7 105.0 42.1 36.4 37.5 42.6 101.6 98.2 
107.5 102.7 98.4 37.9 42.9 101.0 37.4 102.1 
108.7 41.4 36.7 38.1 101.4 40.3 107.5 103.5 
103.9 108.7 41.5 37.6 100.4 42.1 101.9 42.9 
41.2 40.6 100.8 36.0 42.8 107.2 107.4 37.6 
103.5 109.4 98.7 101.5 103.9 40.1 102.2 39.2 
38.2 108.9 41.7 37.7 37.5 109.2 106.1 42.6 
97.2 41.9 103.2 36.1 42.2 102.6 39.2 40.8 
40.6 42.7 38.0 36.9 101.6 39.9 42.1 42.0 
40.4 37.9 38.8 40.4 40.4 107.9 40.4 103.4 
39.6 36.7 103.9 37.5 39.4 100.7 36.1 39.5 
97.8 39.3 42.6 106.1 97.8 40.6 41.9 38.0 
39.5 104.0 106.4 108.1 42.7 98.9 36.9 38.3 
39.2 37.7 109.3 39.3 37.8 39.6 101.3 37.0 
39.1 40.9 37.6 98.1 106.5 37.4 36.3 38.3 
41.7 40.9 -35.8 106.8 99.0 99.8 103.8 97.5 
39.1 98.0 37.5 42.8 103.5 37.9 107.8 38.2 
100.6 38.3 100.3 97.5 103.2 37.4 108.7 40.9 
41.5 106.5 42.2 38.7 42.9 39.7 37.7 42.7 
108.6 37.5 37.6 97.2 97.9 39.0 99.8 108.3 
41.9 109.0 37.4 36.0 42.8 105.7 106.5 43.0 
99.8 40.9 101.7 37.9 101.1 106.5 38.0 97.8 
100.7 41.8 39.7 102.8 102.6 36.4 102.4 100.4 
39.7 104.3 37.4 42.1 103.5 39.5 105.4 38.1 
40.4 98.2 -167.3 40.6 40.7 39.9 39.7 36.4 
39.6 40.6 107.6 38.0 36.1 37.4 106.6 37.1 
101.2 103.0 108.2 37.8 39.1 39.1 37.1 100.8 
107.7 98.2 42.2 107.8 36.2 99.8 99.6 41.7 
40.9 98.1 100.8 97.2 106.7 42.0 38.6 98.6 
39.3 37.4 98.7 42.4 102.0 40.5 36.3 36.0 
38.6 36.0 36.8 37.4 103.7 39.8 36.8 41.2 
101.0 40.6 38.7 38.7 99.2 104.0 42.9 42.4 
41.5 37.1 36.1 40.7 102.9 38.5 103.9 102.5 
99.0 36.7 109.4 37.3 40.0 42.3 37.3 98.5 
37.1 39.1 36.5 106.0 105.7 37.5 102.8 36.9 